,[IDX] KOSPI,[IDX] KOSDAQ,[US] 한국 추종 ETF,[IDX] 항셍,[IDX] 상하이종합,[IDX] 대만가권,[KR] 삼성전자,[KR] SK하이닉스,[KR] 현대차,[KR] 두산에너빌리티,[KR] 현대로템,[KR] 네이버,[KR] 카카오,[KR] LG전자,[KR] KODEX 2차전지산업,[KR] KODEX 자동차,[KR] TIGER 200 IT,[KR] TIGER 200 건설,[KR] TIGER 의료기기,[KR] TIGER 반도체,[KR] TIGER 증권,[KR] TIGER 헬스케어,[KR] TIGER 은행,[KR] 신한지주,[KR] 하나금융지주,[KR] KB금융,[KR] 우리금융지주,[IDX] 다우 존스,[IDX] S&P 500,[US] S&P500,[IDX] 러셀 2000,[US] 러셀,[US] 미국 전체,[IDX] NASDAQ,[US] 나스닥,[US] 나스닥 레버리지,[US] 미국 반도체,[US] 엔비디아,[US] 마이크론,[US] 브로드컴,[US] 인텔,[US] AMD,[US] 퀄컴,[US] 시게이트,[US] 웨스턴디지털,[US] 애플,[US] 마이크로소프트,[US] 구글,[US] 아마존,[US] 제타,[US] M7 ETF,[US] 모멘텀 ETF,[US] 반도체 ETF,[US] 소프트웨어 ETF,[US] 테슬라,[US] 월마트,[US] 코카콜라,[US] 일라이릴리,[US] 존슨 앤드 존슨,[US] 애브비,[US] 제이피모건,[US] 뱅크 오브 아메리카,[US] 모건스탠리,[US] 골드만삭스,[US] 이즈코프,[US] 이머징 마켓,[US] 선진국 마켓,[US] 금,[US] 은,[US] 미국 오일 펀드,[US] 원자재 펀드,[IDX] 닛케이225,[KR] 코스피200롱150숏선물
[IDX] KOSPI,1.0,0.8351194837282229,0.997704957908894,0.5424425527155364,0.9438193644785638,0.9967982480454268,0.9951337425783278,0.9945997440390629,0.9432106267835139,0.8720679432567949,0.5800595807945138,0.43743844365239754,-0.5451385843189727,0.8987284765075002,0.2763558506916001,0.9451451715144692,0.9972728989459885,0.9704065923842241,-0.3566161966314325,0.995478900169166,0.9383465110241564,0.672669011663879,0.9212178868402917,0.9687589338474616,0.9489865839696795,0.9372763127494917,0.9136638866638219,0.9608501719027603,0.9616619374308205,0.9615989117932395,0.9934770126789513,0.9931903729417382,0.9632328371329829,0.9720055987585073,0.9767531801559132,0.9907418082868232,0.9935356867659048,0.9595257051994063,0.9942819087687095,0.9108030329005584,0.9834733263872228,0.9908072302718836,0.4832278058120796,0.9967274816578441,0.9922333079353298,0.9789701861765886,-0.771595352117391,0.9909382586364822,0.8612190747378049,0.8065780359245089,0.8919071479851263,0.9624814565312622,0.9967118955372468,-0.07549865763923189,0.7867967469155405,0.8297120392480711,0.8970008775459437,0.9344667832132937,0.9818438895662299,0.9197825443207004,0.8092723610923855,0.9316072272409609,0.9622412583939506,0.9615136932798857,0.9888228091307861,0.9873705281916862,0.9297011788764935,0.8522415045652053,0.9671554986963022,0.9280514367270474,0.9608306370262379,0.9970363487161754,0.9921704989752511
[IDX] KOSDAQ,0.8351194837282229,1.0,0.8421967968293602,0.21388640611916304,0.6667483225439117,0.8415757593006565,0.8655463390076129,0.8022401618682756,0.9418227333745283,0.6019850781428498,0.22367952718311573,0.28627534887091494,-0.567939638061691,0.9089071952623565,0.6696900623077661,0.9476289426874127,0.840463160063353,0.7656175312004754,-0.5111000209707699,0.8544712686204939,0.7215845242465281,0.37840749773906107,0.6668823328660604,0.7549543690660403,0.7215378570513974,0.6890441540774611,0.6495360143649365,0.6904103349189908,0.7171876632800488,0.7199180871742341,0.7856515265945124,0.7845926299803221,0.7180692733934981,0.7537107851505273,0.7532588402313538,0.8504417170625906,0.8456079724110921,0.7649677872500784,0.8199878009630434,0.6529626406554072,0.8253858742075023,0.8523864231478556,0.7980740147384465,0.8213822120396027,0.818833303042183,0.8790860363434492,-0.6892606533483341,0.8649830970018129,0.6112773152240066,0.8866229054303004,0.6377464849184215,0.6889026095450027,0.8337576967673287,-0.3287157069557488,0.4492847406559952,0.4928123035891875,0.5796195761557715,0.8462788564079542,0.7654914907531923,0.5859508079870814,0.4328741439042593,0.6186534705987149,0.7016830529027213,0.7117057902028421,0.7680261481727557,0.7777143537691363,0.6575112402325949,0.5548691854986583,0.8230078707195201,0.8731910583917117,0.8539977073334556,0.8284278605778084,0.7689002256753102
[US] 한국 추종 ETF,0.997704957908894,0.8421967968293602,1.0,0.5370446975948135,0.9387360225150582,0.994703557795329,0.9933847872747096,0.9911855567233203,0.9443375061393261,0.8674078745377485,0.5780839794758186,0.44565059575664984,-0.5397073499751631,0.9047412229305676,0.28714600245308003,0.946821402784928,0.9951898583857257,0.9672856355415053,-0.35461918125425973,0.9940906066997565,0.9346919011155018,0.6679170203531645,0.914896091873104,0.9623190040410292,0.9429196597703791,0.9305413081889823,0.9076096718674114,0.9543199260883134,0.9584863094237358,0.9584409463086591,0.9915243977049664,0.9912388280185297,0.9599294674287286,0.9707783623252041,0.9754108618033647,0.9940399240730031,0.9948318353572343,0.960530324813655,0.9948449360051497,0.9074612246029771,0.9837497737569755,0.9919357609753832,0.5240756427173697,0.9952982013176381,0.9907497324833026,0.9806953375418805,-0.7547837094825364,0.9906363156719599,0.8617077868641991,0.8242795100746263,0.8895382253356663,0.9579738346589199,0.9974437019829332,-0.06918090037516096,0.7776017388555582,0.8135306196587134,0.8859049226908479,0.932956436444886,0.9762057662854468,0.9054673128681365,0.7917098127019094,0.9196739763327715,0.9562921179485017,0.9572034674924922,0.985011209153154,0.9876151119533787,0.924657940911991,0.8456768929093498,0.9699717788553954,0.9329260061865048,0.9628571558537454,0.994140997215924,0.9866932194991734
[IDX] 항셍,0.5424425527155364,0.21388640611916304,0.5370446975948135,1.0,0.7806049177997736,0.5047811324352296,0.46716492626201134,0.5050974873602854,0.402843750288933,0.865698531864736,0.968110306201842,0.8009480894075994,0.22253448585830718,0.412752439508188,-0.553011538010726,0.4227873199375243,0.4857988629151774,0.7176292033347119,0.5477288323983824,0.4662110765592663,0.7880700948793791,0.9467305005772094,0.8119094285478615,0.7039054622593734,0.7574468896332369,0.7853741322909309,0.8240959593020687,0.7331592902786733,0.7417815033077552,0.7429204019694379,0.5852465471526609,0.5877956461397431,0.7386947581269191,0.7104536900990409,0.6958494710294142,0.5619362950943322,0.4740913616674008,0.718497017938923,0.48929032090533026,0.8174139918460622,0.4236381557207528,0.44979669335722455,-0.27967502012668954,0.5354406185281932,0.5000822438144954,0.48493117756082615,-0.006514251525376505,0.5101887031384006,0.8568116927265125,0.23837733138019354,0.8463611127666402,0.721454236367149,0.5201043518835726,0.7541275953419267,0.9253266649049231,0.9007466908310777,0.7959574309504857,0.27911905605125226,0.5477693661929633,0.6681064591356026,0.8829767943069812,0.7343138639660328,0.7358627149308283,0.7375773216899184,0.6167702797505694,0.6576009163242602,0.796558549607466,0.8974636478321117,0.6721369991507445,0.5180544261677733,0.5752741567641183,0.4994109845870054,0.5544322432319793
[IDX] 상하이종합,0.9438193644785638,0.6667483225439117,0.9387360225150582,0.7806049177997736,1.0,0.9274822038621876,0.9088564511695627,0.933540296380354,0.8218444387898862,0.9666365664967579,0.7923651646096165,0.5931158937697634,-0.3269105441058518,0.7852559298826023,-0.036362784966054114,0.8299202731924964,0.9229598621434789,0.9841714894049206,-0.060754676761867875,0.9139404405822151,0.982941408186755,0.8454398096487309,0.9871714079463635,0.9813151477531976,0.9869316475717901,0.989604217557328,0.9860735537675215,0.9932925138957325,0.9903466010617827,0.9903545857367932,0.9630022071671085,0.9636433725486058,0.9910638597422414,0.9831534008651083,0.9835781215102959,0.9359603699338633,0.9171798608485783,0.9733595699550353,0.925476656429449,0.970797764686957,0.8978136057662398,0.9055208950823607,0.23791064580502141,0.9437396349190442,0.9299534849397534,0.8955051494667464,-0.6033002332836658,0.920227597730794,0.9463434989084589,0.6604685868219448,0.9701901687296345,0.9915640192440135,0.9359094241490981,0.21133199816506312,0.9345259902241938,0.958579707045289,0.9748817241887877,0.8000132673994024,0.9438355210286767,0.9517403476750383,0.9467926682735452,0.9837424932181102,0.9948904887967281,0.9935143529576944,0.9698750376675052,0.9782402861571292,0.9924638001526291,0.9661332919251127,0.9539850734708542,0.8549589905642525,0.9080523390327228,0.9297385974418814,0.9501457609643569
[IDX] 대만가권,0.9967982480454268,0.8415757593006565,0.994703557795329,0.5047811324352296,0.9274822038621876,1.0,0.9960929345427099,0.9926578676408097,0.9481757966127546,0.8422815332440176,0.5258072496003228,0.3900155769935827,-0.5832083710465488,0.9033342284569864,0.3246985450224256,0.947503702077941,0.9975977779506043,0.9554602804815227,-0.4060604610032154,0.9970337772093084,0.9203952583756589,0.6250831723771797,0.9018443890581296,0.9605619279009321,0.9325200835097387,0.9211126594743622,0.8921787438897638,0.9485776995700105,0.9505641762995142,0.9504635062774546,0.9900907732240574,0.98966711169778,0.9521753332480678,0.9628263092611287,0.9680020167656062,0.9877104978946507,0.9963373320988821,0.9510248605725437,0.9946794167518923,0.8913669210112563,0.9885238172666972,0.9944489618028118,0.5470115388468247,0.9956204878277921,0.9913393901182587,0.9855045526634769,-0.7858073488323739,0.9944186137387098,0.8439134680953188,0.8272021812043215,0.8753803897832322,0.9497210001092319,0.997378268296488,-0.12588178377283046,0.7553470259093908,0.7997266443336144,0.8787788302923432,0.9511686053945585,0.9824085286354112,0.9101587959032056,0.776742550398149,0.914994807911824,0.9504865558722575,0.9502103685692626,0.9861531582780915,0.9794251585806925,0.9105210242249128,0.8276348256688548,0.9603129357679255,0.9360239394479116,0.9627339377483736,0.9974067673937969,0.989859418293017
[KR] 삼성전자,0.9951337425783278,0.8655463390076129,0.9933847872747096,0.46716492626201134,0.9088564511695627,0.9960929345427099,1.0,0.9901969666275948,0.9599648454173738,0.8238967809878883,0.5014944620644572,0.37659817429446524,-0.6060656848039484,0.917220580470195,0.36032902701477193,0.9592217638514781,0.9973421463299089,0.9461643202923194,-0.4337135321107941,0.9977701912050198,0.9069437743764158,0.6083972188086582,0.8834398314136983,0.9466210943803276,0.9180330358468799,0.9043142063241542,0.8735811555212883,0.9323775841116253,0.9341166175987609,0.9341875556099479,0.9825118858946404,0.9821491779814293,0.9359084199541682,0.9489652013652565,0.9545830001068464,0.9852616668012756,0.9948236411920907,0.9362426011335887,0.9931818235744885,0.8747619738213409,0.9872203349735087,0.9950412414597549,0.5548132428111732,0.9906557950671903,0.987861568823485,0.9847134517813172,-0.805340547733866,0.9925700383602768,0.8198884381385467,0.8370090240037338,0.8519955879558503,0.9337893950256192,0.9934685336001639,-0.1565374161935587,0.7290468279724978,0.7778131302457006,0.8598039472428195,0.9549454212185335,0.9748361300283606,0.8930441329246741,0.7509472207917597,0.8959108983162518,0.9333329438978534,0.9325662764122598,0.975962173289133,0.9695347157241089,0.89605762306726,0.8047119727063428,0.9529694724974112,0.9335230906987462,0.9587973731711121,0.9949561636059592,0.9839966040939983
[KR] SK하이닉스,0.9945997440390629,0.8022401618682756,0.9911855567233203,0.5050974873602854,0.933540296380354,0.9926578676408097,0.9901969666275948,1.0,0.9159833631830059,0.8475338460903917,0.554237428985,0.381512117560497,-0.5753835956188771,0.8661734314178634,0.2715561448965222,0.9157417059395896,0.9970276267445239,0.9519310219364608,-0.3936526781704298,0.9944145940516872,0.9124013959347992,0.6416671662610344,0.8998047177507872,0.9515577332830744,0.9296296347280926,0.9176819505959475,0.8928681130300393,0.9523568108670573,0.9466318662693609,0.945924548417224,0.9910272811248627,0.9905346832690761,0.9488980936839323,0.9556024056794539,0.9638879436541079,0.977701533637979,0.9927766134441464,0.9370573674106233,0.9972246667502209,0.8881654405238162,0.9908461554025934,0.9901700976888307,0.47152375992600937,0.9942405487534991,0.9943726524227615,0.9631956614220019,-0.808941841719294,0.9780032151597359,0.8293038751261397,0.7776819042275079,0.8636179750235278,0.958104410104531,0.9933283053036127,-0.11726370856049353,0.7652174958591744,0.8109944343322656,0.8885690236031366,0.9386623982369435,0.9833519142888957,0.9304490199012032,0.8022629467637157,0.9321148275877337,0.9517992187648152,0.9484821118747888,0.9837988362504586,0.9773825449062997,0.9150361844756559,0.8263939984938398,0.9389718743555002,0.8945188654541311,0.9335092146196927,0.9970286177933677,0.9949353535230299
[KR] 현대차,0.9432106267835139,0.9418227333745283,0.9443375061393261,0.402843750288933,0.8218444387898862,0.9481757966127546,0.9599648454173738,0.9159833631830059,1.0,0.758925030656898,0.4069512551172795,0.39754144168153466,-0.5907840835031709,0.9750433750695691,0.4904370337049972,0.997968842830689,0.9431813795554956,0.8936806214964391,-0.45326359737403343,0.9469375378741461,0.8645570890660562,0.5360892148634827,0.8186649074278142,0.8938393484972982,0.8581529806573169,0.8392408212504432,0.8046751638368229,0.8500918343467232,0.8704959639980787,0.8721574557769778,0.9116876611944703,0.9114304449981634,0.8706874192557589,0.8957353165101979,0.8940013930963193,0.9517606162330009,0.9408907365780044,0.9003663623592739,0.9274247223473038,0.821083096457135,0.9183138859386119,0.9448094415936245,0.6696348882895304,0.9290938650381857,0.9176913665081646,0.9754060425435229,-0.7137292140063447,0.966955979084593,0.7828439373662371,0.9159821669028917,0.8062609310588841,0.8426287573555503,0.9386473710223855,-0.1734523599492443,0.6440892963205309,0.6890860502739803,0.7639621121296589,0.9223931490999624,0.898800290802366,0.7688578042397026,0.6275157896203142,0.7822745089800929,0.8569402305386778,0.8622060356693292,0.9078602333386065,0.9078247936954114,0.8195025372464618,0.7402599339791033,0.9411181842127173,0.9727767696443045,0.9676555841752955,0.935449103555636,0.908651607732775
[KR] 두산에너빌리티,0.8720679432567949,0.6019850781428498,0.8674078745377485,0.865698531864736,0.9666365664967579,0.8422815332440176,0.8238967809878883,0.8475338460903917,0.758925030656898,1.0,0.8951481198569756,0.7573611399072425,-0.11775693296708858,0.7303140060536025,-0.15832415787864304,0.7742256546987403,0.8380485897899757,0.9558484225232777,0.11429655977104948,0.8266687034822551,0.9781913219299871,0.9125975918214906,0.9837403379823572,0.94352409067024,0.9706333056459626,0.9716261499009192,0.9869885700726947,0.9553965473368903,0.9614638597545332,0.9614801462291843,0.8910476835222674,0.8916435791738156,0.960551494964342,0.9503884163497173,0.9439849767883502,0.8766927099715713,0.8288045413063125,0.9519908892928952,0.8354459541264484,0.9726725764569408,0.7952188945443471,0.8141523541744685,0.08779714144173405,0.8658934825619005,0.8450984101595229,0.821602892276189,-0.42434132527028995,0.845700326813301,0.9693065260878625,0.5968245804066126,0.98187295512436,0.9479824072151679,0.8571529464616575,0.3860354665982091,0.9641617499948334,0.9686430530917831,0.9401590793296647,0.6858985262515633,0.8579786819751454,0.8851686675647925,0.964210167269832,0.9496156903711676,0.9596663404996675,0.9644223820583956,0.9017634113540755,0.9271925669923566,0.959621518326176,0.9787206223791738,0.9216037574106195,0.8143671802582876,0.8655136745204314,0.8475285068168823,0.8727651284496841
[KR] 현대로템,0.5800595807945138,0.22367952718311573,0.5780839794758186,0.968110306201842,0.7923651646096165,0.5258072496003228,0.5014944620644572,0.554237428985,0.4069512551172795,0.8951481198569756,1.0,0.811798774414345,0.23370662185634752,0.3899831089045695,-0.5598070058947362,0.4309001656425004,0.5278081455524117,0.7441130863817094,0.49942051978481933,0.5097567666233035,0.799380405707681,0.9432807324347497,0.833030463175717,0.7256193719109626,0.7852095780440038,0.8030815181354635,0.8471498622082699,0.7650340070741104,0.7676623083828353,0.7674931088290745,0.6272882355272021,0.6286619401095546,0.76548845826814,0.7365391092649087,0.7258569626056592,0.5918308536049227,0.5196386493582783,0.7393869734935993,0.5361438643574671,0.8280078314139706,0.48044328452496515,0.494335259097077,-0.3237910973916167,0.5833365316950349,0.556556637477154,0.5047900416791183,-0.07831999153845473,0.5390267478082887,0.8560245470660077,0.22261284247518026,0.8543755082319807,0.7589455344950143,0.5634824422117153,0.7023726458674218,0.9374093941120744,0.9102678858612038,0.8104030062075969,0.32615098939348436,0.5875184866841322,0.7080417491196144,0.9247340258122624,0.789642523046448,0.7703105361040083,0.7736167893315481,0.6492342084517664,0.6906988902670608,0.8035916677495893,0.8989562408594509,0.6810646114606677,0.5178345498411514,0.5858278265401916,0.5444917029426556,0.5970091281599896
[KR] 네이버,0.43743844365239754,0.28627534887091494,0.44565059575664984,0.8009480894075994,0.5931158937697634,0.3900155769935827,0.37659817429446524,0.381512117560497,0.39754144168153466,0.7573611399072425,0.811798774414345,1.0,0.46552024399785,0.4201518951976568,-0.35235450968949505,0.416073234196179,0.38275862775197556,0.5867709704588959,0.471839305236858,0.3681059302045409,0.6719535306295358,0.7444369594852064,0.6697987517542651,0.5642048748646097,0.6282269654696195,0.6277578422719888,0.6777869130651943,0.5763905231394127,0.6027804565444743,0.6027461731227621,0.46313046646249395,0.46410177968290073,0.5987309916804864,0.587431538077668,0.5659285685307393,0.4810536635117206,0.38584339869686185,0.6269458666883875,0.3831037619385325,0.6768033059300522,0.3237578270936872,0.37331428517790644,-0.1368668924672623,0.4246566454400101,0.3889574500156471,0.4213598335594458,0.11348639486782827,0.42479000746689577,0.7126077640709775,0.39356060190460634,0.7090236288757887,0.5556259888434673,0.42523835289530015,0.6412925638048209,0.7378582452445803,0.691294008708855,0.5610262923467894,0.21647325941296172,0.4017985625858659,0.44429307909500637,0.6908897492911559,0.5774875380252098,0.5894940903409828,0.6098934874774814,0.48251185458198226,0.5290085933735585,0.6017451701485861,0.7124599482559411,0.5831445145462743,0.50026325859857,0.5226572990764788,0.3934634644672778,0.42806218559085474
[KR] 카카오,-0.5451385843189727,-0.567939638061691,-0.5397073499751631,0.22253448585830718,-0.3269105441058518,-0.5832083710465488,-0.6060656848039484,-0.5753835956188771,-0.5907840835031709,-0.11775693296708858,0.23370662185634752,0.46552024399785,1.0,-0.5472765816353863,-0.6445106255877792,-0.5685728360765433,-0.5905000861774045,-0.3800221704174166,0.7990559070900543,-0.6023443359446508,-0.2837389961383787,0.0741840339639062,-0.2525807080452232,-0.4089294812831909,-0.31649235717190305,-0.31033561788420433,-0.2357810064389959,-0.3742068256642686,-0.36217622217646445,-0.3632187600784715,-0.5103525103092873,-0.5097213441570718,-0.36574060052907614,-0.3916788708969713,-0.41033061577552443,-0.5139985669317346,-0.5888792817900365,-0.35349576852711095,-0.585451365799423,-0.2576221624664707,-0.6253473390579961,-0.6014101378485709,-0.6525431380074409,-0.5523599156896218,-0.5707154195516749,-0.5813226271346327,0.8032033969859274,-0.5760950603198282,-0.18400190137744601,-0.49437160065843916,-0.21285955080705551,-0.3865933678327031,-0.5568041830714486,0.652631145014064,-0.061820447740867916,-0.14876270796536165,-0.3258187668152124,-0.702131592198133,-0.5585284843105902,-0.4316946010808827,-0.09169727465014256,-0.3167593072292341,-0.3655673398928409,-0.3488653252030535,-0.4981625271781018,-0.44911593269324657,-0.3300384391072222,-0.16421795619844462,-0.41815889477776025,-0.4953877869735825,-0.4848653681152981,-0.5791567074820213,-0.5412432154336506
[KR] LG전자,0.8987284765075002,0.9089071952623565,0.9047412229305676,0.412752439508188,0.7852559298826023,0.9033342284569864,0.917220580470195,0.8661734314178634,0.9750433750695691,0.7303140060536025,0.3899831089045695,0.4201518951976568,-0.5472765816353863,1.0,0.4778792880669341,0.9690317757147268,0.8968111883117866,0.8527395135886189,-0.395431350757486,0.8941896429991611,0.833610488576601,0.547643490239815,0.7713962599569604,0.8416719466327052,0.8057781808962294,0.7956076487727426,0.7584369569861255,0.8116942180780096,0.838450554549828,0.8401478301460455,0.8668038920214667,0.8669406120495099,0.8376442445256495,0.8650825134583627,0.8596241010417294,0.9214695284391121,0.8919334355413462,0.8760249815068789,0.881987218230266,0.8151922772747765,0.860271417055422,0.8991290954199402,0.6643217998584088,0.8784429458218111,0.861781150283892,0.9419784140929288,-0.6181780152057825,0.9225721826103435,0.7776399088777888,0.9363108891083979,0.7908900536982888,0.8018714694805951,0.8919808175517263,-0.09831057913383737,0.629023247234346,0.6527308207192272,0.7153741983804829,0.861135624821013,0.8441477695372854,0.7222954380276351,0.5860547302834009,0.7258071578766075,0.8155306042033692,0.8225371515701102,0.8658277171079101,0.8720786133627058,0.7890229579686969,0.7248735745361742,0.9177458410931597,0.9518138728467224,0.9450006770984721,0.8832651189712736,0.8613731920579819
[KR] KODEX 2차전지산업,0.2763558506916001,0.6696900623077661,0.28714600245308003,-0.553011538010726,-0.036362784966054114,0.3246985450224256,0.36032902701477193,0.2715561448965222,0.4904370337049972,-0.15832415787864304,-0.5598070058947362,-0.35235450968949505,-0.6445106255877792,0.4778792880669341,1.0,0.4749156563521199,0.3225935635947353,0.08886776781962048,-0.8371090832847401,0.34445716966611767,0.005134154220139936,-0.40345756728484766,-0.06574565502419102,0.09024197642993635,0.019414848057061413,-0.02584289963241379,-0.09035376733022064,0.01379263685321007,0.032913934652087876,0.03500971845647321,0.2013649779492446,0.1991154707445242,0.035521620580657484,0.08788591617622801,0.09567947277312763,0.280901132334268,0.3343741359187468,0.09672347344484161,0.30282457362721427,-0.06710516004541765,0.34877114450469276,0.3610383824241507,0.9364043790089412,0.2679741842142596,0.28765310857506404,0.3711986461228524,-0.5347368805795709,0.33180391357733763,-0.12905455516864173,0.6051958603259321,-0.10443583320297666,0.016876974944868717,0.2905849014984583,-0.8224565908242019,-0.3312669083348215,-0.273087081483241,-0.12659651490757773,0.477156384408865,0.21143352025435821,-0.033032789943027746,-0.3250146063566373,-0.06172303078267041,0.020727237920020188,0.02778623456353904,0.16799428126630797,0.14339296574293645,-0.052095172905227805,-0.21011747927073787,0.18465832933487017,0.3504772117353161,0.2856803903879507,0.299741564178171,0.21321377576271747
[KR] KODEX 자동차,0.9451451715144692,0.9476289426874127,0.946821402784928,0.4227873199375243,0.8299202731924964,0.947503702077941,0.9592217638514781,0.9157417059395896,0.997968842830689,0.7742256546987403,0.4309001656425004,0.416073234196179,-0.5685728360765433,0.9690317757147268,0.4749156563521199,1.0,0.9424329395088131,0.904083334974644,-0.4241212930000088,0.947229705247716,0.8750032340956847,0.5586069349584978,0.8317155105168696,0.9012867461758934,0.8704913140154352,0.8505889145150489,0.8185966605595579,0.8570571618695315,0.8780455126689924,0.8798257181197856,0.9138006593753286,0.9135315593314511,0.8781573213691135,0.902728736850911,0.9006662349116124,0.9555614749595451,0.9409074155022727,0.9075053953380963,0.9267499193212563,0.8297014414762599,0.916760894094804,0.9434658384411434,0.6565736241040759,0.9318085746741628,0.9208574249960605,0.9736359239647668,-0.7020039095267475,0.9672797831166835,0.795086214870293,0.9032654371425306,0.8176639433241149,0.8501303777486315,0.9398997264169681,-0.15198600800311043,0.6591199291743957,0.7017782844945173,0.7719437727065269,0.9160520103330341,0.8984319897722417,0.7708169714914431,0.6425308148196236,0.7912282664240686,0.8641108514848519,0.8700675866368628,0.9089434020534022,0.9135859699532883,0.8279880104400696,0.7525163502408935,0.9473157501577251,0.9698874831907582,0.9668839438007258,0.9356747000339217,0.9071956393911824
[KR] TIGER 200 IT,0.9972728989459885,0.840463160063353,0.9951898583857257,0.4857988629151774,0.9229598621434789,0.9975977779506043,0.9973421463299089,0.9970276267445239,0.9431813795554956,0.8380485897899757,0.5278081455524117,0.38275862775197556,-0.5905000861774045,0.8968111883117866,0.3225935635947353,0.9424329395088131,1.0,0.9511574083358624,-0.4171245618068801,0.9986493075419708,0.9119472866872128,0.6240648119341298,0.8932287951471696,0.9511986130895335,0.925877220392117,0.9123167429842501,0.8846840771114058,0.943698650109186,0.9423859435339766,0.9421076569016668,0.9887888665928058,0.9883003729095311,0.944382246513054,0.9548530105696389,0.9615246364348978,0.9850007438790664,0.9965602376927742,0.9401524560514024,0.9973026835898229,0.88344004686312,0.9917110763254525,0.9956415328101755,0.5196663388433796,0.9953643878033783,0.9937307467686781,0.9782897829486281,-0.8068096113524655,0.9887179602134586,0.8270121957130574,0.8151024001011005,0.8602163684825292,0.9470273472771976,0.9961222585548132,-0.1382494811381837,0.747334630583627,0.7947459072509166,0.8738542550271862,0.9489644270400304,0.9801602904440405,0.910302191156112,0.7761455512593672,0.9144658828225501,0.9445225360078431,0.9427891196360174,0.9817736277906286,0.9757897207656405,0.9065279188819679,0.816599994687337,0.9497536720901713,0.918666174617055,0.9500804647793187,0.9984468447053394,0.9908245388295526
[KR] TIGER 200 건설,0.9704065923842241,0.7656175312004754,0.9672856355415053,0.7176292033347119,0.9841714894049206,0.9554602804815227,0.9461643202923194,0.9519310219364608,0.8936806214964391,0.9558484225232777,0.7441130863817094,0.5867709704588959,-0.3800221704174166,0.8527395135886189,0.08886776781962048,0.904083334974644,0.9511574083358624,1.0,-0.13835514149675018,0.9464079859676416,0.9893012345238702,0.8127526632717661,0.9830700400367461,0.9924867780994122,0.9927775661400238,0.988502997642324,0.9792049877951745,0.9859280976086553,0.9907626262637701,0.9913661225804161,0.9736716970013913,0.9739868770170741,0.9911637484285591,0.9922152693730846,0.991356010618223,0.9690881697045077,0.9455595945877724,0.9846901130704862,0.9478222871393539,0.9654255305456559,0.9223185050166792,0.9368120214215246,0.32013326580342544,0.9667913864494916,0.9545051169705953,0.9377874249287429,-0.6357302232228284,0.9574911793343347,0.9412712914307388,0.7230330749306301,0.9635866398232339,0.9831888760428689,0.9606735527557646,0.13788885995501457,0.8950951398659348,0.9227419874270288,0.9472216935433081,0.8460759599897584,0.953014045953679,0.9262932093797744,0.9012326562190615,0.9622668986459196,0.9895042970441451,0.9908138894444068,0.9770566410647011,0.9899187494603897,0.9770637849773391,0.9431423253004946,0.9838241484459288,0.9081668963190523,0.9494724100974193,0.9559800094810609,0.9612445105388725
[KR] TIGER 의료기기,-0.3566161966314325,-0.5111000209707699,-0.35461918125425973,0.5477288323983824,-0.060754676761867875,-0.4060604610032154,-0.4337135321107941,-0.3936526781704298,-0.45326359737403343,0.11429655977104948,0.49942051978481933,0.471839305236858,0.7990559070900543,-0.395431350757486,-0.8371090832847401,-0.4241212930000088,-0.4171245618068801,-0.13835514149675018,1.0,-0.43514906796794095,-0.03665530051809367,0.43767425974363566,-0.0004670259166337894,-0.16656684026187027,-0.08240423946760116,-0.042510087415077384,0.01952989297999987,-0.11762637316652784,-0.10591948467918808,-0.10470606510663574,-0.30721786970546483,-0.305029980656845,-0.11112940821253928,-0.14533874605664698,-0.16628194658299758,-0.3133578784528078,-0.4233006451282455,-0.12470501535012592,-0.41026341111547165,0.026751927693131606,-0.4726629441306725,-0.44635282433724643,-0.7866245073162496,-0.36101062699377784,-0.38857059946942146,-0.4042895609754897,0.7448836300341913,-0.38384543566184115,0.12101969209903805,-0.5003099718744147,0.07605873961827632,-0.13012005380137798,-0.376373293504546,0.9074261236857166,0.258306941707021,0.16253082972998698,-0.014773072147731084,-0.57901529277869,-0.34672157075566945,-0.16027341950486135,0.1826895811835949,-0.09194681715858462,-0.12196488170782739,-0.11538346041029263,-0.2748352563477271,-0.21748422156821948,-0.029877057112673105,0.15093869105065857,-0.18813036311643688,-0.3362158784427374,-0.2981576082997681,-0.40391313773567045,-0.35448651260710096
[KR] TIGER 반도체,0.995478900169166,0.8544712686204939,0.9940906066997565,0.4662110765592663,0.9139404405822151,0.9970337772093084,0.9977701912050198,0.9944145940516872,0.9469375378741461,0.8266687034822551,0.5097567666233035,0.3681059302045409,-0.6023443359446508,0.8941896429991611,0.34445716966611767,0.947229705247716,0.9986493075419708,0.9464079859676416,-0.43514906796794095,1.0,0.9054827387628565,0.6059987395014513,0.8871838858301316,0.948468982231521,0.921738369324069,0.9067500285013907,0.8780477387009012,0.9367137495601064,0.9355714763134771,0.9353854099499718,0.9864220991022394,0.9858906834160016,0.9376674743303709,0.9490161273094451,0.9562294824551496,0.983420106430833,0.9979294602055242,0.9338240321432413,0.9965641813784242,0.8710617964282343,0.9940952721003761,0.9970631056708392,0.5361694321900842,0.9944199666036514,0.993458872111279,0.9791877706910459,-0.8199718924084258,0.9900372296446671,0.8148052306889175,0.8157778599918383,0.8495402709982327,0.9403239340199524,0.9962260228803542,-0.16465226659604365,0.7329021225296136,0.7836110990271533,0.8673866158915285,0.9572846026193418,0.9800753378072636,0.9035735964541188,0.763224810657697,0.9080988512064527,0.9376788033187292,0.936155446253513,0.9782683891199316,0.9713269256022918,0.8984029820199989,0.80377852571752,0.9465641966567925,0.9202827557646159,0.9490332107138898,0.9978272694877346,0.9863405044520874
[KR] TIGER 증권,0.9383465110241564,0.7215845242465281,0.9346919011155018,0.7880700948793791,0.982941408186755,0.9203952583756589,0.9069437743764158,0.9124013959347992,0.8645570890660562,0.9781913219299871,0.799380405707681,0.6719535306295358,-0.2837389961383787,0.833610488576601,0.005134154220139936,0.8750032340956847,0.9119472866872128,0.9893012345238702,-0.03665530051809367,0.9054827387628565,1.0,0.8584983110732974,0.9923256172087374,0.9846459433757133,0.9909753067185506,0.9915938119930344,0.9901879199662783,0.9810992565277642,0.9899178846580906,0.9905790737400686,0.9477508257025588,0.9484185065153705,0.9893453485686814,0.9871810278085977,0.9824011201049591,0.9435719701899921,0.9057756636878832,0.9865701216014354,0.9075465119399908,0.9820177461808585,0.8745419139072808,0.8955751766471971,0.24140648998876824,0.9301302193314138,0.90996104653296,0.908804569974409,-0.5425761807154551,0.9279247938205626,0.9695584512020893,0.7068737479810782,0.9865987958454379,0.9730228289217532,0.9270439143868531,0.2475335759595204,0.9317623063264472,0.9511985562046693,0.955494627679209,0.7953835439790593,0.924722953427556,0.9139712691846807,0.9243929613195502,0.957102167236959,0.9842756616914746,0.9875553813728789,0.9576268018757897,0.9727803477368243,0.9812776536538793,0.969661148673313,0.9775846936340241,0.9020028709323148,0.9407029964283634,0.9179970752676742,0.930536720190301
[KR] TIGER 헬스케어,0.672669011663879,0.37840749773906107,0.6679170203531645,0.9467305005772094,0.8454398096487309,0.6250831723771797,0.6083972188086582,0.6416671662610344,0.5360892148634827,0.9125975918214906,0.9432807324347497,0.7444369594852064,0.0741840339639062,0.547643490239815,-0.40345756728484766,0.5586069349584978,0.6240648119341298,0.8127526632717661,0.43767425974363566,0.6059987395014513,0.8584983110732974,1.0,0.8681310520836368,0.7866366380193649,0.8288792336236781,0.853288470436285,0.8770497682862533,0.8171571671473108,0.8264135763249153,0.8273241122084385,0.7014212302224634,0.7030369099231847,0.8239969931606075,0.8046921789712712,0.793427933864928,0.6893971202552374,0.6087860802361985,0.8046479441614751,0.6244334766915609,0.8842473726233865,0.563497319273343,0.5882200860271712,-0.17153565585810265,0.6617498755769828,0.6357892135466777,0.6089470660051083,-0.1592853017862573,0.6382016120153913,0.910230594333687,0.3568175098872586,0.9009044925610558,0.8101186304371248,0.6483930801568272,0.638792651175062,0.94721431378896,0.9127618581294652,0.846640366559651,0.43583142583651857,0.6649373737857107,0.7599293372213614,0.9043476503332206,0.8053765239650101,0.8142204509699346,0.8160223366753157,0.7241921224044567,0.7646267300544138,0.8590757955032113,0.9274747952897437,0.7648244333810209,0.6174075546166906,0.6797996821360146,0.6318699700660018,0.6694980055310712
[KR] TIGER 은행,0.9212178868402917,0.6668823328660604,0.914896091873104,0.8119094285478615,0.9871714079463635,0.9018443890581296,0.8834398314136983,0.8998047177507872,0.8186649074278142,0.9837403379823572,0.833030463175717,0.6697987517542651,-0.2525807080452232,0.7713962599569604,-0.06574565502419102,0.8317155105168696,0.8932287951471696,0.9830700400367461,-0.0004670259166337894,0.8871838858301316,0.9923256172087374,0.8681310520836368,1.0,0.9833157284578733,0.9951295047849011,0.9965230984014516,0.9989699380878502,0.9822377666897988,0.9845491993830163,0.9848865547230157,0.9381209408858281,0.9387306722294834,0.9844426849534056,0.9768570066242863,0.9735709946478918,0.9195985712670733,0.8879988989069135,0.9709129180978116,0.8910449637216576,0.9719692641187956,0.8610111825270823,0.8749270713920975,0.16830613778474174,0.9187675792418551,0.9014290226814952,0.8792032862855571,-0.5413466656037274,0.9047113136362374,0.9634800842555566,0.6365148100711707,0.9822157141394451,0.9751953227496553,0.9107066007112485,0.26886170934886694,0.9463304282198064,0.9700551562473747,0.9685650704846835,0.7704258634120379,0.9174169600025246,0.924589603408328,0.954627445417019,0.9736635503523076,0.9853999522989998,0.9869714631636181,0.9482441437484777,0.9619296019965315,0.982305729880566,0.974323626515162,0.9541983903009765,0.8587623695733215,0.905892986652883,0.9040160619070771,0.9209291951576041
[KR] 신한지주,0.9687589338474616,0.7549543690660403,0.9623190040410292,0.7039054622593734,0.9813151477531976,0.9605619279009321,0.9466210943803276,0.9515577332830744,0.8938393484972982,0.94352409067024,0.7256193719109626,0.5642048748646097,-0.4089294812831909,0.8416719466327052,0.09024197642993635,0.9012867461758934,0.9511986130895335,0.9924867780994122,-0.16656684026187027,0.948468982231521,0.9846459433757133,0.7866366380193649,0.9833157284578733,1.0,0.9924205705629422,0.9903374176368192,0.9779010934066535,0.987248637507253,0.9891706656897169,0.9897078949214704,0.9760662684326621,0.9763821803028996,0.9897230669327259,0.989272665070241,0.9889320524605675,0.9632607454525701,0.9478488359549404,0.9791118374840301,0.9476052861981581,0.9557264941330896,0.92750901614825,0.9391467211185427,0.3114829440040392,0.9673409597024542,0.953928528029507,0.9433718008454182,-0.6593245721405234,0.9627906680107472,0.9334412637109583,0.7211352295105713,0.9579813847119593,0.9814813792828758,0.9622113515457216,0.11156527826212406,0.888160648850074,0.9269916640444773,0.9575519402210333,0.8634223805084754,0.9649552288673746,0.9386055788006421,0.9002630814300168,0.967096785041741,0.9900304530083827,0.9898014772284787,0.9834286842643574,0.9852486172289617,0.9746768341730335,0.9366434657360457,0.978391105177783,0.9141462229200035,0.9516096699822263,0.9587031967291427,0.9648102917316342
[KR] 하나금융지주,0.9489865839696795,0.7215378570513974,0.9429196597703791,0.7574468896332369,0.9869316475717901,0.9325200835097387,0.9180330358468799,0.9296296347280926,0.8581529806573169,0.9706333056459626,0.7852095780440038,0.6282269654696195,-0.31649235717190305,0.8057781808962294,0.019414848057061413,0.8704913140154352,0.925877220392117,0.9927775661400238,-0.08240423946760116,0.921738369324069,0.9909753067185506,0.8288792336236781,0.9951295047849011,0.9924205705629422,1.0,0.9950233794460183,0.9926274522204483,0.9859477071218675,0.9879289454454033,0.9882744543992384,0.9591842588001284,0.9594999033411244,0.9882469761726544,0.9847249738552952,0.982988956572884,0.9452110997225182,0.9210113978933794,0.9778234781546145,0.9220546422549822,0.9636801798816597,0.8972232802125133,0.9100328962029499,0.24891181644893492,0.9468502714329563,0.933228624838569,0.9100980922258057,-0.6004734671617794,0.9344145146701627,0.9492488685397804,0.6795484306468105,0.9701239338710578,0.9801008753401798,0.9392745613390898,0.18658480715780174,0.91561126632874,0.9453056487274346,0.9585349127036843,0.8139385693314616,0.9385869963666527,0.9247958646893779,0.9306773598333792,0.9736917566557932,0.9897940454382231,0.9917884217536203,0.9648095464552334,0.9767996341334934,0.9785547412686099,0.9537228060829169,0.9677887982911121,0.8826189139637379,0.9262895939273817,0.935459840017647,0.944633962379315
[KR] KB금융,0.9372763127494917,0.6890441540774611,0.9305413081889823,0.7853741322909309,0.989604217557328,0.9211126594743622,0.9043142063241542,0.9176819505959475,0.8392408212504432,0.9716261499009192,0.8030815181354635,0.6277578422719888,-0.31033561788420433,0.7956076487727426,-0.02584289963241379,0.8505889145150489,0.9123167429842501,0.988502997642324,-0.042510087415077384,0.9067500285013907,0.9915938119930344,0.853288470436285,0.9965230984014516,0.9903374176368192,0.9950233794460183,1.0,0.9940354278356351,0.9876266175802781,0.9893815984319925,0.9898183944305274,0.9519622009663522,0.9525761079147896,0.9894517896829448,0.9837915347197873,0.9816520029287525,0.9357865949817169,0.9073617173549049,0.9749241296418707,0.910320217340246,0.9718235106787954,0.8822621069801232,0.8959639842660615,0.20792551847055968,0.9351008938411571,0.9192052639415682,0.900067082563873,-0.5766236551186136,0.922525116095672,0.9586557314285702,0.6577691816167853,0.9788139829444753,0.9819329511516165,0.9277230232522171,0.2301321301089402,0.9347958280266666,0.9610422689045959,0.9685372827741464,0.7972499799238589,0.9341670762446094,0.9369952227431424,0.9415628357060002,0.9736113815586471,0.9888953103522414,0.9891582859717316,0.9623306048794931,0.9718975408411599,0.9853943698340681,0.9685165220583284,0.9633749346776779,0.8707662271098237,0.9180110984781359,0.9220036696046131,0.9359130235611887
[KR] 우리금융지주,0.9136638866638219,0.6495360143649365,0.9076096718674114,0.8240959593020687,0.9860735537675215,0.8921787438897638,0.8735811555212883,0.8928681130300393,0.8046751638368229,0.9869885700726947,0.8471498622082699,0.6777869130651943,-0.2357810064389959,0.7584369569861255,-0.09035376733022064,0.8185966605595579,0.8846840771114058,0.9792049877951745,0.01952989297999987,0.8780477387009012,0.9901879199662783,0.8770497682862533,0.9989699380878502,0.9779010934066535,0.9926274522204483,0.9940354278356351,1.0,0.9807344835956227,0.9825560490889477,0.9827084589701901,0.9317830507892553,0.9324014601297781,0.9823178933967145,0.9736688550874804,0.9703005275495606,0.9122866788865099,0.8785326436817019,0.9679558773633788,0.8828407395488665,0.9741377768573458,0.851410697382303,0.8647186105057585,0.1446748416715365,0.9112418138415258,0.8935845657931976,0.8681815977062931,-0.5242818802480566,0.8938798506116717,0.9655272752164878,0.6213384762659665,0.9831749759569336,0.9740542226996702,0.9023630271164339,0.29090925994623823,0.9525224582814285,0.9748303893091268,0.9691233452088269,0.7553719798491143,0.9093360852789034,0.9223587507325105,0.9621378164528199,0.9744792706957279,0.9837811753037881,0.9854335177744411,0.9415160143029985,0.9577710288534113,0.9816339993489407,0.9774963053664791,0.9476455955794408,0.8461115491308263,0.8953877214083165,0.8958160649094516,0.9146875439366298
[IDX] 다우 존스,0.9608501719027603,0.6904103349189908,0.9543199260883134,0.7331592902786733,0.9932925138957325,0.9485776995700105,0.9323775841116253,0.9523568108670573,0.8500918343467232,0.9553965473368903,0.7650340070741104,0.5763905231394127,-0.3742068256642686,0.8116942180780096,0.01379263685321007,0.8570571618695315,0.943698650109186,0.9859280976086553,-0.11762637316652784,0.9367137495601064,0.9810992565277642,0.8171571671473108,0.9822377666897988,0.987248637507253,0.9859477071218675,0.9876266175802781,0.9807344835956227,1.0,0.9960200948988959,0.9955309437548107,0.9772947391838025,0.9777440130838684,0.9965929906291002,0.9910549374208015,0.9923236422102286,0.9537696887262627,0.9369955498502777,0.9784267179464127,0.9443625495696932,0.9655271341764902,0.9204325159767894,0.92695025364228,0.26654199703617953,0.9589708437702515,0.9461922821451964,0.9206309390453924,-0.6230459977458778,0.9412307389616057,0.9462975511069296,0.6916177269339218,0.9665986012618264,0.9960441910983192,0.953773421207245,0.17673414943821436,0.9138045417011725,0.9416654623740968,0.9725793839832235,0.8390920994308124,0.9640075138184793,0.9657477243744441,0.9321122351118744,0.9864209401554066,0.9969341383605743,0.9957370137303877,0.9833115428505348,0.9868161363584584,0.9862614998716804,0.949541420932301,0.9599444864067805,0.8724194868016617,0.9213292129444979,0.9491143524738692,0.9674602842074714
[IDX] S&P 500,0.9616619374308205,0.7171876632800488,0.9584863094237358,0.7417815033077552,0.9903466010617827,0.9505641762995142,0.9341166175987609,0.9466318662693609,0.8704959639980787,0.9614638597545332,0.7676623083828353,0.6027804565444743,-0.36217622217646445,0.838450554549828,0.032913934652087876,0.8780455126689924,0.9423859435339766,0.9907626262637701,-0.10591948467918808,0.9355714763134771,0.9899178846580906,0.8264135763249153,0.9845491993830163,0.9891706656897169,0.9879289454454033,0.9893815984319925,0.9825560490889477,0.9960200948988959,1.0,0.999936636502995,0.9738050079808087,0.9742353855871908,0.999933612685392,0.9980578180482664,0.99729150749679,0.9644523426744402,0.9379215675081478,0.9911659181369638,0.9426477408785152,0.9793851787730016,0.9146082309774981,0.9274439938751867,0.29715974382110477,0.9575242791089975,0.9420855369507852,0.9337812408503103,-0.5922861991266244,0.9471297502406156,0.9599489445537558,0.7199680366934613,0.979020011805646,0.9933180523431843,0.9556178303045275,0.19730399761563525,0.9178362804032384,0.9392757792015582,0.9642062308930643,0.8376587703317653,0.9559038017340032,0.9489307416667437,0.9192452227902556,0.9724270323277623,0.9947864098403072,0.9953325051563896,0.9811858910956689,0.9900282731153588,0.9845449093847017,0.956442690325538,0.9753194202922475,0.8992614420056033,0.9416840670333535,0.9466787539513526,0.9616311645130002
[US] S&P500,0.9615989117932395,0.7199180871742341,0.9584409463086591,0.7429204019694379,0.9903545857367932,0.9504635062774546,0.9341875556099479,0.945924548417224,0.8721574557769778,0.9614801462291843,0.7674931088290745,0.6027461731227621,-0.3632187600784715,0.8401478301460455,0.03500971845647321,0.8798257181197856,0.9421076569016668,0.9913661225804161,-0.10470606510663574,0.9353854099499718,0.9905790737400686,0.8273241122084385,0.9848865547230157,0.9897078949214704,0.9882744543992384,0.9898183944305274,0.9827084589701901,0.9955309437548107,0.999936636502995,1.0,0.97333605102318,0.9737817054387415,0.9998655941465382,0.9981650996222068,0.9972791317237821,0.9647353031181142,0.9377322531549667,0.9916207779738575,0.9421966279906718,0.9797682733719986,0.9139417237230394,0.9271769375634327,0.2994923747142659,0.9574647754817472,0.9418086283069705,0.9342669498147143,-0.5916942769769205,0.9476203570210273,0.9603118087711981,0.7203018098362691,0.9794599234999949,0.9928592884138129,0.9554564291588515,0.19770911645378836,0.91773357546949,0.939301917896134,0.963871990656588,0.8370120005007657,0.9553492004215706,0.9474242872598221,0.9181475776385006,0.9712030923855116,0.9945960739238014,0.9951760305465787,0.9809750769618025,0.989984395792964,0.9849113732081394,0.9570464139787559,0.9765435237844594,0.9009162734224863,0.9429510000105189,0.9463122958374488,0.9608054106970718
[IDX] 러셀 2000,0.9934770126789513,0.7856515265945124,0.9915243977049664,0.5852465471526609,0.9630022071671085,0.9900907732240574,0.9825118858946404,0.9910272811248627,0.9116876611944703,0.8910476835222674,0.6272882355272021,0.46313046646249395,-0.5103525103092873,0.8668038920214667,0.2013649779492446,0.9138006593753286,0.9887888665928058,0.9736716970013913,-0.30721786970546483,0.9864220991022394,0.9477508257025588,0.7014212302224634,0.9381209408858281,0.9760662684326621,0.9591842588001284,0.9519622009663522,0.9317830507892553,0.9772947391838025,0.9738050079808087,0.97333605102318,1.0,0.9999775129557854,0.9755188781946279,0.9791486742595783,0.9841900219606665,0.9827212901361956,0.9875447969241529,0.9642507883314034,0.9905942546851176,0.918814726460525,0.9800557783298951,0.9832532353458832,0.4367590739821149,0.9933368515172709,0.9872831007369613,0.9653333805769622,-0.7501590785487727,0.9830543398915769,0.8815830748797586,0.7801420742657292,0.9088296059354751,0.9770527495456829,0.9932651048943849,-0.021595969323802422,0.8170590588812731,0.8563791290724144,0.9256658265008318,0.9234718240738573,0.9911022271874624,0.9465261343896016,0.843544984713171,0.955780383432617,0.975984910332048,0.9748177244038361,0.9965842608417909,0.9921020329486506,0.9496904334587235,0.8744586578094421,0.9638654287567857,0.9103484240873481,0.9488080504431746,0.9917076990843312,0.9934072635237535
[US] 러셀,0.9931903729417382,0.7845926299803221,0.9912388280185297,0.5877956461397431,0.9636433725486058,0.98966711169778,0.9821491779814293,0.9905346832690761,0.9114304449981634,0.8916435791738156,0.6286619401095546,0.46410177968290073,-0.5097213441570718,0.8669406120495099,0.1991154707445242,0.9135315593314511,0.9883003729095311,0.9739868770170741,-0.305029980656845,0.9858906834160016,0.9484185065153705,0.7030369099231847,0.9387306722294834,0.9763821803028996,0.9594999033411244,0.9525761079147896,0.9324014601297781,0.9777440130838684,0.9742353855871908,0.9737817054387415,0.9999775129557854,1.0,0.9759349440418643,0.9794156357316286,0.984372182885223,0.9824139447051644,0.986975617422167,0.9644672940003169,0.990165534709697,0.9195463840141986,0.9793389156574279,0.9827160076670068,0.4347582880169353,0.9929169609020312,0.9866240496634774,0.9649041966535407,-0.7490704848399296,0.9828904858338211,0.8826365868492085,0.7795791554406514,0.9097119026688015,0.9772739188045826,0.9928422789629793,-0.01909442212555883,0.8184572805880997,0.8577688197838602,0.9270043464880884,0.9226799221692322,0.9912437208114929,0.9471383109599925,0.8444554752061789,0.9560449429890766,0.9763562225263984,0.9751391036026894,0.9967439932273746,0.9922535311153708,0.950900467947611,0.8759129911368841,0.9644418575362017,0.9105337671219577,0.949072028232882,0.9912205298456116,0.9932369950851796
[US] 미국 전체,0.9632328371329829,0.7180692733934981,0.9599294674287286,0.7386947581269191,0.9910638597422414,0.9521753332480678,0.9359084199541682,0.9488980936839323,0.8706874192557589,0.960551494964342,0.76548845826814,0.5987309916804864,-0.36574060052907614,0.8376442445256495,0.035521620580657484,0.8781573213691135,0.944382246513054,0.9911637484285591,-0.11112940821253928,0.9376674743303709,0.9893453485686814,0.8239969931606075,0.9844426849534056,0.9897230669327259,0.9882469761726544,0.9894517896829448,0.9823178933967145,0.9965929906291002,0.999933612685392,0.9998655941465382,0.9755188781946279,0.9759349440418643,1.0,0.9979808691995474,0.9975222827241896,0.9650016867649348,0.9399522240063651,0.990515002504349,0.9447661160570928,0.9778930290158889,0.9174117343359756,0.9295424041985725,0.2989931305510775,0.9594870549282569,0.9444913529232833,0.9342315315900969,-0.5990695498352899,0.9483168367499176,0.9577431474226226,0.7194404809955051,0.9773370541156133,0.9941105606327533,0.9572840777176592,0.1906471328417601,0.916145243210088,0.9384573243512936,0.9645437827453179,0.8398682574503414,0.9578524962960806,0.9503437010410382,0.9192647558704701,0.9738986501957887,0.9954929329028432,0.9958719368818959,0.9824983521666238,0.9908354326173635,0.9848578553545669,0.9550825115859933,0.9750165212420393,0.898540506797895,0.9414030066526985,0.9487285466647054,0.9634903154494812
[IDX] NASDAQ,0.9720055987585073,0.7537107851505273,0.9707783623252041,0.7104536900990409,0.9831534008651083,0.9628263092611287,0.9489652013652565,0.9556024056794539,0.8957353165101979,0.9503884163497173,0.7365391092649087,0.587431538077668,-0.3916788708969713,0.8650825134583627,0.08788591617622801,0.902728736850911,0.9548530105696389,0.9922152693730846,-0.14533874605664698,0.9490161273094451,0.9871810278085977,0.8046921789712712,0.9768570066242863,0.989272665070241,0.9847249738552952,0.9837915347197873,0.9736688550874804,0.9910549374208015,0.9980578180482664,0.9981650996222068,0.9791486742595783,0.9794156357316286,0.9979808691995474,1.0,0.9992462500190655,0.9780004978930241,0.9518815728577175,0.9947497527601031,0.9543475700358643,0.9754603852781845,0.9279216196043136,0.9427398935367969,0.3513087418699651,0.9674541178495244,0.9530090744992663,0.9516522717916093,-0.6103240732637207,0.9611062844962392,0.9525296527073279,0.7538743942177886,0.9720813169339793,0.9895657761368615,0.9673274802460319,0.15901192881535842,0.8974672820964685,0.919019626755069,0.9495868898023292,0.8572866364475938,0.9595705077298603,0.9376318062714818,0.8948208156617584,0.9610436713823206,0.9907495336199377,0.9921284632026051,0.9847567038114899,0.9943110065042606,0.976498931634933,0.9424152960038725,0.9838573188762382,0.9179435129435414,0.9559523249274334,0.9578479574744412,0.9670775180243179
[US] 나스닥,0.9767531801559132,0.7532588402313538,0.9754108618033647,0.6958494710294142,0.9835781215102959,0.9680020167656062,0.9545830001068464,0.9638879436541079,0.8940013930963193,0.9439849767883502,0.7258569626056592,0.5659285685307393,-0.41033061577552443,0.8596241010417294,0.09567947277312763,0.9006662349116124,0.9615246364348978,0.991356010618223,-0.16628194658299758,0.9562294824551496,0.9824011201049591,0.793427933864928,0.9735709946478918,0.9889320524605675,0.982988956572884,0.9816520029287525,0.9703005275495606,0.9923236422102286,0.99729150749679,0.9972791317237821,0.9841900219606665,0.984372182885223,0.9975222827241896,0.9992462500190655,1.0,0.980304807485316,0.9590652584915744,0.9918308128924443,0.962132719920302,0.9704179167701894,0.9380503524962541,0.9498320461851778,0.3573443295236222,0.9735725286360748,0.9609556232707088,0.953044549978069,-0.633201548386951,0.9638722553730853,0.9431623786383173,0.749111828363602,0.9651084792966492,0.9927720022927793,0.9731860759783272,0.13612695512641731,0.8911334798469372,0.9146275970629971,0.9499305165510356,0.8666227687633841,0.9661910883355559,0.9446123152919804,0.8935029563709203,0.9651463706424966,0.9916821352487057,0.9922645388661167,0.9885401156278247,0.9965624714761299,0.9755035399016553,0.9358179248625484,0.9804727751861724,0.9135471064496448,0.9530767812835861,0.9644784086225611,0.9734401475401491
[US] 나스닥 레버리지,0.9907418082868232,0.8504417170625906,0.9940399240730031,0.5619362950943322,0.9359603699338633,0.9877104978946507,0.9852616668012756,0.977701533637979,0.9517606162330009,0.8766927099715713,0.5918308536049227,0.4810536635117206,-0.5139985669317346,0.9214695284391121,0.280901132334268,0.9555614749595451,0.9850007438790664,0.9690881697045077,-0.3133578784528078,0.983420106430833,0.9435719701899921,0.6893971202552374,0.9195985712670733,0.9632607454525701,0.9452110997225182,0.9357865949817169,0.9122866788865099,0.9537696887262627,0.9644523426744402,0.9647353031181142,0.9827212901361956,0.9824139447051644,0.9650016867649348,0.9780004978930241,0.980304807485316,1.0,0.9863864251375357,0.9730081443311984,0.9832844844209073,0.9248387771708713,0.9672571809034851,0.9828281557538718,0.5272365850517522,0.985639221631091,0.9778588582327081,0.985462723562503,-0.7000597816802604,0.9871777687092771,0.8847513367115579,0.8394242815753601,0.9091858130816864,0.9574305678714801,0.9913598455808234,-0.016317971241855675,0.7946138346207059,0.8200622678687094,0.8802575008668158,0.9198807453726037,0.9628763068520079,0.8955453506366824,0.7910151407288725,0.9096275398630317,0.9538584833423482,0.9567047228766151,0.9799508938890885,0.9866394312631841,0.9249636240118034,0.8585252403801333,0.9786551737987473,0.9447588937286963,0.9707478076257048,0.9831043064103834,0.9742630009531029
[US] 미국 반도체,0.9935356867659048,0.8456079724110921,0.9948318353572343,0.4740913616674008,0.9171798608485783,0.9963373320988821,0.9948236411920907,0.9927766134441464,0.9408907365780044,0.8288045413063125,0.5196386493582783,0.38584339869686185,-0.5888792817900365,0.8919334355413462,0.3343741359187468,0.9409074155022727,0.9965602376927742,0.9455595945877724,-0.4233006451282455,0.9979294602055242,0.9057756636878832,0.6087860802361985,0.8879988989069135,0.9478488359549404,0.9210113978933794,0.9073617173549049,0.8785326436817019,0.9369955498502777,0.9379215675081478,0.9377322531549667,0.9875447969241529,0.986975617422167,0.9399522240063651,0.9518815728577175,0.9590652584915744,0.9863864251375357,1.0,0.9390640327299908,0.997641953423182,0.8734388903284905,0.9948690023314993,0.9983501081755386,0.5594646885651906,0.9941702530313604,0.9929819540405362,0.9798147268932828,-0.8020470217592468,0.9896791542403511,0.8215942601419521,0.8257669509825858,0.8544177469038562,0.9422475037889213,0.9984253615125565,-0.14592227346370906,0.7347793432653703,0.7770254635954158,0.8630112255421414,0.9565776562500284,0.9790595914356919,0.9017214645276892,0.7591373294934687,0.9060650501154157,0.9379374496196003,0.937898389284814,0.979665959220394,0.9734897547832196,0.8981134701439156,0.8047355034976003,0.9486752562590243,0.9238959009149347,0.9511857777797603,0.9965742057326687,0.9851389492345661
[US] 엔비디아,0.9595257051994063,0.7649677872500784,0.960530324813655,0.718497017938923,0.9733595699550353,0.9510248605725437,0.9362426011335887,0.9370573674106233,0.9003663623592739,0.9519908892928952,0.7393869734935993,0.6269458666883875,-0.35349576852711095,0.8760249815068789,0.09672347344484161,0.9075053953380963,0.9401524560514024,0.9846901130704862,-0.12470501535012592,0.9338240321432413,0.9865701216014354,0.8046479441614751,0.9709129180978116,0.9791118374840301,0.9778234781546145,0.9749241296418707,0.9679558773633788,0.9784267179464127,0.9911659181369638,0.9916207779738575,0.9642507883314034,0.9644672940003169,0.990515002504349,0.9947497527601031,0.9918308128924443,0.9730081443311984,0.9390640327299908,1.0,0.9384643891384102,0.9780606834481691,0.909053891096549,0.9288647814813936,0.3707448173749637,0.9533051556373049,0.9358960485449935,0.9483693759165388,-0.5693717580859134,0.9521353966348957,0.9540251415955714,0.7671306852524341,0.9736989939848236,0.9758898663449316,0.9559905888278003,0.18085143208009924,0.8905824629458164,0.9104662566660723,0.9304908311490352,0.8389809349117668,0.9385999764022621,0.9098587358129243,0.8821143237232771,0.9443293472362857,0.9812110355666914,0.9851852902032127,0.9704083743715416,0.9850073734206294,0.9653252503817872,0.9391410654388214,0.984373012540525,0.9260476311287352,0.9587892237723923,0.9430854207134391,0.9501227067355288
[US] 마이크론,0.9942819087687095,0.8199878009630434,0.9948449360051497,0.48929032090533026,0.925476656429449,0.9946794167518923,0.9931818235744885,0.9972246667502209,0.9274247223473038,0.8354459541264484,0.5361438643574671,0.3831037619385325,-0.585451365799423,0.881987218230266,0.30282457362721427,0.9267499193212563,0.9973026835898229,0.9478222871393539,-0.41026341111547165,0.9965641813784242,0.9075465119399908,0.6244334766915609,0.8910449637216576,0.9476052861981581,0.9220546422549822,0.910320217340246,0.8828407395488665,0.9443625495696932,0.9426477408785152,0.9421966279906718,0.9905942546851176,0.990165534709697,0.9447661160570928,0.9543475700358643,0.962132719920302,0.9832844844209073,0.997641953423182,0.9384643891384102,1.0,0.8802545336941299,0.9941527990677632,0.9958790915836231,0.5279963200363295,0.9945608861678742,0.9937229702735428,0.9720373169592909,-0.8016706069729279,0.9852941346694277,0.8270029889664258,0.8086691080712388,0.8591601835268808,0.9500882419189988,0.9970160278591366,-0.12683947742968588,0.7488279973095968,0.7895297225864024,0.8759252103568888,0.9501043886923981,0.9834471742433066,0.9167894514110171,0.775431432577772,0.9163193670799281,0.9439575980236711,0.9424089528916881,0.9831356654213563,0.9766545816988965,0.9071720338702456,0.8157358148220322,0.9460348202888648,0.9126605000859611,0.9450675703814113,0.9972221342909602,0.9911101421766719
[US] 브로드컴,0.9108030329005584,0.6529626406554072,0.9074612246029771,0.8174139918460622,0.970797764686957,0.8913669210112563,0.8747619738213409,0.8881654405238162,0.821083096457135,0.9726725764569408,0.8280078314139706,0.6768033059300522,-0.2576221624664707,0.8151922772747765,-0.06710516004541765,0.8297014414762599,0.88344004686312,0.9654255305456559,0.026751927693131606,0.8710617964282343,0.9820177461808585,0.8842473726233865,0.9719692641187956,0.9557264941330896,0.9636801798816597,0.9718235106787954,0.9741377768573458,0.9655271341764902,0.9793851787730016,0.9797682733719986,0.918814726460525,0.9195463840141986,0.9778930290158889,0.9754603852781845,0.9704179167701894,0.9248387771708713,0.8734388903284905,0.9780606834481691,0.8802545336941299,1.0,0.8361569166816394,0.8594723032771401,0.23054818770546037,0.8988074103776215,0.8769009218639799,0.8867259940266989,-0.4546426395049397,0.8874112256680776,0.9747816600234891,0.6801530083318426,0.9895911354185954,0.965804432532286,0.8980541996368829,0.3409728332443752,0.9457047364946137,0.9491903455839873,0.940944956201062,0.7401380771223943,0.888435281349563,0.9006010319587334,0.9190031101293235,0.9330861658183295,0.9666280385079924,0.968688474053372,0.9328372322456044,0.9555195312674387,0.9688645126848829,0.9754430272570621,0.9536929320596629,0.8717469707392906,0.9134309794623182,0.8821459107265781,0.9104052173298195
[US] 인텔,0.9834733263872228,0.8253858742075023,0.9837497737569755,0.4236381557207528,0.8978136057662398,0.9885238172666972,0.9872203349735087,0.9908461554025934,0.9183138859386119,0.7952188945443471,0.48044328452496515,0.3237578270936872,-0.6253473390579961,0.860271417055422,0.34877114450469276,0.916760894094804,0.9917110763254525,0.9223185050166792,-0.4726629441306725,0.9940952721003761,0.8745419139072808,0.563497319273343,0.8610111825270823,0.92750901614825,0.8972232802125133,0.8822621069801232,0.851410697382303,0.9204325159767894,0.9146082309774981,0.9139417237230394,0.9800557783298951,0.9793389156574279,0.9174117343359756,0.9279216196043136,0.9380503524962541,0.9672571809034851,0.9948690023314993,0.909053891096549,0.9941527990677632,0.8361569166816394,1.0,0.9945819549984474,0.5533156407627905,0.9881439764800317,0.9909169343118233,0.96240305433988,-0.8470318643025966,0.9777664477288018,0.7808741414008474,0.8003973148349313,0.816720393010657,0.9267665149618162,0.9901418125621895,-0.20675535701719028,0.6997649496330093,0.7498285102179203,0.8491667285351092,0.9628428661517296,0.978049219874748,0.9002722191017256,0.7397265535807346,0.898138511840399,0.9203310224610313,0.9182312996405398,0.9688497100729152,0.9563619045918905,0.8761010117057489,0.7686691119114523,0.9186227848883609,0.8918778765431539,0.9224574576185782,0.9922807731772594,0.9800435029144672
[US] AMD,0.9908072302718836,0.8523864231478556,0.9919357609753832,0.44979669335722455,0.9055208950823607,0.9944489618028118,0.9950412414597549,0.9901700976888307,0.9448094415936245,0.8141523541744685,0.494335259097077,0.37331428517790644,-0.6014101378485709,0.8991290954199402,0.3610383824241507,0.9434658384411434,0.9956415328101755,0.9368120214215246,-0.44635282433724643,0.9970631056708392,0.8955751766471971,0.5882200860271712,0.8749270713920975,0.9391467211185427,0.9100328962029499,0.8959639842660615,0.8647186105057585,0.92695025364228,0.9274439938751867,0.9271769375634327,0.9832532353458832,0.9827160076670068,0.9295424041985725,0.9427398935367969,0.9498320461851778,0.9828281557538718,0.9983501081755386,0.9288647814813936,0.9958790915836231,0.8594723032771401,0.9945819549984474,1.0,0.5772660690157658,0.9900330857776383,0.989122575136921,0.9782351486041921,-0.8106503273565789,0.9889592618598982,0.808284347191346,0.8428558172022728,0.8400750171992216,0.9304865354407835,0.9952645074855275,-0.17039879294136515,0.7155636365940423,0.7573938000621612,0.8490982165258479,0.9617007744031583,0.9766361336260858,0.8927385469969943,0.7393163943264892,0.8932267971471599,0.9263941152840688,0.9268381046467499,0.9752258317200045,0.9658255015176986,0.8865254079867079,0.7879007873257557,0.9430396267043841,0.9229984897274544,0.9486881756150558,0.9950284192240685,0.9817591834815673
[US] 퀄컴,0.4832278058120796,0.7980740147384465,0.5240756427173697,-0.27967502012668954,0.23791064580502141,0.5470115388468247,0.5548132428111732,0.47152375992600937,0.6696348882895304,0.08779714144173405,-0.3237910973916167,-0.1368668924672623,-0.6525431380074409,0.6643217998584088,0.9364043790089412,0.6565736241040759,0.5196663388433796,0.32013326580342544,-0.7866245073162496,0.5361694321900842,0.24140648998876824,-0.17153565585810265,0.16830613778474174,0.3114829440040392,0.24891181644893492,0.20792551847055968,0.1446748416715365,0.26654199703617953,0.29715974382110477,0.2994923747142659,0.4367590739821149,0.4347582880169353,0.2989931305510775,0.3513087418699651,0.3573443295236222,0.5272365850517522,0.5594646885651906,0.3707448173749637,0.5279963200363295,0.23054818770546037,0.5533156407627905,0.5772660690157658,1.0,0.4979042095835854,0.5121521835797792,0.5893078349808274,-0.6058329813807657,0.54814823949029,0.14518195085027294,0.7527759979722989,0.17662648892929278,0.2780305040675879,0.5241745144700213,-0.6659240933203435,-0.05772091391435929,-0.01833640128963247,0.1018105482871744,0.6335653979198929,0.4179436702043118,0.18526294166584956,-0.07069856939590365,0.18126411336865697,0.281380707322839,0.29333074174778623,0.4076311656637822,0.4026437157290063,0.20884670207031616,0.07155577603785915,0.4466899356684794,0.5832438261058522,0.5323110494530813,0.5231178566081309,0.42180264885845253
[US] 시게이트,0.9967274816578441,0.8213822120396027,0.9952982013176381,0.5354406185281932,0.9437396349190442,0.9956204878277921,0.9906557950671903,0.9942405487534991,0.9290938650381857,0.8658934825619005,0.5833365316950349,0.4246566454400101,-0.5523599156896218,0.8784429458218111,0.2679741842142596,0.9318085746741628,0.9953643878033783,0.9667913864494916,-0.36101062699377784,0.9944199666036514,0.9301302193314138,0.6617498755769828,0.9187675792418551,0.9673409597024542,0.9468502714329563,0.9351008938411571,0.9112418138415258,0.9589708437702515,0.9575242791089975,0.9574647754817472,0.9933368515172709,0.9929169609020312,0.9594870549282569,0.9674541178495244,0.9735725286360748,0.985639221631091,0.9941702530313604,0.9533051556373049,0.9945608861678742,0.8988074103776215,0.9881439764800317,0.9900330857776383,0.4979042095835854,1.0,0.9977440644027022,0.974338924455038,-0.7797557864413514,0.9878437045676459,0.8524020458805851,0.791033927226398,0.8841167812227213,0.9628360454619342,0.996525801428751,-0.08333230892975395,0.779209330109394,0.8230070515603144,0.8943505261796538,0.932175825444482,0.9822254833234705,0.918498070119471,0.8074134392477569,0.9336619493771482,0.9623113300829561,0.9613759190123682,0.9875644557846908,0.98521964918396,0.9264650158320542,0.845278899671869,0.9598592685348593,0.9142139588744665,0.9486637876409693,0.9970331161095757,0.9903250817467041
[US] 웨스턴디지털,0.9922333079353298,0.818833303042183,0.9907497324833026,0.5000822438144954,0.9299534849397534,0.9913393901182587,0.987861568823485,0.9943726524227615,0.9176913665081646,0.8450984101595229,0.556556637477154,0.3889574500156471,-0.5707154195516749,0.861781150283892,0.28765310857506404,0.9208574249960605,0.9937307467686781,0.9545051169705953,-0.38857059946942146,0.993458872111279,0.90996104653296,0.6357892135466777,0.9014290226814952,0.953928528029507,0.933228624838569,0.9192052639415682,0.8935845657931976,0.9461922821451964,0.9420855369507852,0.9418086283069705,0.9872831007369613,0.9866240496634774,0.9444913529232833,0.9530090744992663,0.9609556232707088,0.9778588582327081,0.9929819540405362,0.9358960485449935,0.9937229702735428,0.8769009218639799,0.9909169343118233,0.989122575136921,0.5121521835797792,0.9977440644027022,1.0,0.9654897258302257,-0.8051321302879262,0.9805122025572179,0.8263974781677196,0.7787637332401156,0.8599887223948707,0.9527991837245141,0.9929377049862809,-0.12371539450217241,0.7542301149116676,0.7992043511972671,0.8762004105194255,0.9343122663393295,0.9764445442291245,0.9097084869924301,0.7904677714976319,0.9246183673788899,0.9494832349977904,0.9478575414646158,0.9786370624086222,0.9755005174003667,0.9095383231856162,0.820214582236007,0.9425683180471474,0.8941915730887121,0.9307741600011911,0.9957472611869224,0.986315768672307
[US] 애플,0.9789701861765886,0.8790860363434492,0.9806953375418805,0.48493117756082615,0.8955051494667464,0.9855045526634769,0.9847134517813172,0.9631956614220019,0.9754060425435229,0.821602892276189,0.5047900416791183,0.4213598335594458,-0.5813226271346327,0.9419784140929288,0.3711986461228524,0.9736359239647668,0.9782897829486281,0.9377874249287429,-0.4042895609754897,0.9791877706910459,0.908804569974409,0.6089470660051083,0.8792032862855571,0.9433718008454182,0.9100980922258057,0.900067082563873,0.8681815977062931,0.9206309390453924,0.9337812408503103,0.9342669498147143,0.9653333805769622,0.9649041966535407,0.9342315315900969,0.9516522717916093,0.953044549978069,0.985462723562503,0.9798147268932828,0.9483693759165388,0.9720373169592909,0.8867259940266989,0.96240305433988,0.9782351486041921,0.5893078349808274,0.974338924455038,0.9654897258302257,1.0,-0.7268250480876662,0.9892181487414201,0.8421644399056128,0.8737480055558337,0.870612086592515,0.9203012178367488,0.9813372330728104,-0.0964919483438922,0.7334025711639125,0.7733442869860878,0.8440628754555294,0.9414865748540298,0.9538694247140994,0.8637503460222795,0.7288496870554909,0.869451929223788,0.9239386631841568,0.9261126037997524,0.9634289024340995,0.9609448428837506,0.8838731031369468,0.811300222019641,0.9643538687879168,0.9620426400699073,0.9756947964696923,0.975179578128921,0.9607604226187604
[US] 마이크로소프트,-0.771595352117391,-0.6892606533483341,-0.7547837094825364,-0.006514251525376505,-0.6033002332836658,-0.7858073488323739,-0.805340547733866,-0.808941841719294,-0.7137292140063447,-0.42434132527028995,-0.07831999153845473,0.11348639486782827,0.8032033969859274,-0.6181780152057825,-0.5347368805795709,-0.7020039095267475,-0.8068096113524655,-0.6357302232228284,0.7448836300341913,-0.8199718924084258,-0.5425761807154551,-0.1592853017862573,-0.5413466656037274,-0.6593245721405234,-0.6004734671617794,-0.5766236551186136,-0.5242818802480566,-0.6230459977458778,-0.5922861991266244,-0.5916942769769205,-0.7501590785487727,-0.7490704848399296,-0.5990695498352899,-0.6103240732637207,-0.633201548386951,-0.7000597816802604,-0.8020470217592468,-0.5693717580859134,-0.8016706069729279,-0.4546426395049397,-0.8470318643025966,-0.8106503273565789,-0.6058329813807657,-0.7797557864413514,-0.8051321302879262,-0.7268250480876662,1.0,-0.7608809366800549,-0.3699830626822472,-0.5927144094268134,-0.42406939042231545,-0.6356076662258437,-0.7739909931397881,0.6243900790715902,-0.30536463737318514,-0.3961327331985613,-0.561910438048795,-0.8485642187552991,-0.7830177541284838,-0.6632241673288263,-0.4017140184856533,-0.6275839961941634,-0.6263210337078888,-0.6149157185482047,-0.725207034782484,-0.6785695762004093,-0.571920087338059,-0.39076195117046275,-0.6135778760156059,-0.6209402282939968,-0.6441604861046663,-0.7959690414709778,-0.777382547086848
[US] 구글,0.9909382586364822,0.8649830970018129,0.9906363156719599,0.5101887031384006,0.920227597730794,0.9944186137387098,0.9925700383602768,0.9780032151597359,0.966955979084593,0.845700326813301,0.5390267478082887,0.42479000746689577,-0.5760950603198282,0.9225721826103435,0.33180391357733763,0.9672797831166835,0.9887179602134586,0.9574911793343347,-0.38384543566184115,0.9900372296446671,0.9279247938205626,0.6382016120153913,0.9047113136362374,0.9627906680107472,0.9344145146701627,0.922525116095672,0.8938798506116717,0.9412307389616057,0.9471297502406156,0.9476203570210273,0.9830543398915769,0.9828904858338211,0.9483168367499176,0.9611062844962392,0.9638722553730853,0.9871777687092771,0.9896791542403511,0.9521353966348957,0.9852941346694277,0.8874112256680776,0.9777664477288018,0.9889592618598982,0.54814823949029,0.9878437045676459,0.9805122025572179,0.9892181487414201,-0.7608809366800549,1.0,0.8537394913146128,0.8447759417251031,0.8787368221125554,0.9376778130027633,0.9915059663933108,-0.1001739095371377,0.752584633240902,0.7963882567248661,0.8769130351855774,0.9523121286127707,0.9775720226173525,0.8934566953278025,0.7620753920931618,0.8988215914132859,0.9427596744198664,0.9438769246625476,0.9809442173797777,0.9743325680528026,0.9100735303850734,0.8286460161971562,0.9700923652768093,0.9550784885143434,0.9751218450415695,0.9891533006215031,0.9766978291592796
[US] 아마존,0.8612190747378049,0.6112773152240066,0.8617077868641991,0.8568116927265125,0.9463434989084589,0.8439134680953188,0.8198884381385467,0.8293038751261397,0.7828439373662371,0.9693065260878625,0.8560245470660077,0.7126077640709775,-0.18400190137744601,0.7776399088777888,-0.12905455516864173,0.795086214870293,0.8270121957130574,0.9412712914307388,0.12101969209903805,0.8148052306889175,0.9695584512020893,0.910230594333687,0.9634800842555566,0.9334412637109583,0.9492488685397804,0.9586557314285702,0.9655272752164878,0.9462975511069296,0.9599489445537558,0.9603118087711981,0.8815830748797586,0.8826365868492085,0.9577431474226226,0.9525296527073279,0.9431623786383173,0.8847513367115579,0.8215942601419521,0.9540251415955714,0.8270029889664258,0.9747816600234891,0.7808741414008474,0.808284347191346,0.14518195085027294,0.8524020458805851,0.8263974781677196,0.8421644399056128,-0.3699830626822472,0.8537394913146128,1.0,0.6426076861236031,0.9912530290103543,0.9348474812510255,0.8506359344243619,0.42254499151013664,0.9542760414224827,0.9517138920863457,0.9356151531317158,0.6976587708329858,0.8523368198630901,0.8775285955640428,0.9224493577581612,0.9109314110732495,0.9426228782051641,0.946111861428662,0.8988582601161348,0.9218772175210712,0.9551755357647116,0.9758479414096651,0.9306623640499395,0.8429832451028688,0.882814920344432,0.8353738431165234,0.8571813180993729
[US] 제타,0.8065780359245089,0.8866229054303004,0.8242795100746263,0.23837733138019354,0.6604685868219448,0.8272021812043215,0.8370090240037338,0.7776819042275079,0.9159821669028917,0.5968245804066126,0.22261284247518026,0.39356060190460634,-0.49437160065843916,0.9363108891083979,0.6051958603259321,0.9032654371425306,0.8151024001011005,0.7230330749306301,-0.5003099718744147,0.8157778599918383,0.7068737479810782,0.3568175098872586,0.6365148100711707,0.7211352295105713,0.6795484306468105,0.6577691816167853,0.6213384762659665,0.6916177269339218,0.7199680366934613,0.7203018098362691,0.7801420742657292,0.7795791554406514,0.7194404809955051,0.7538743942177886,0.749111828363602,0.8394242815753601,0.8257669509825858,0.7671306852524341,0.8086691080712388,0.6801530083318426,0.8003973148349313,0.8428558172022728,0.7527759979722989,0.791033927226398,0.7787637332401156,0.8737480055558337,-0.5927144094268134,0.8447759417251031,0.6426076861236031,1.0,0.6548454503611969,0.6804992177214261,0.8168883063675303,-0.2306645578914759,0.4667635567285596,0.485809751707845,0.5714878521272082,0.8328527763660342,0.7583536888890415,0.6022427800864893,0.4297235320159527,0.6092270476104096,0.6917130014459689,0.7043358520318161,0.7711509421535265,0.7658174280868895,0.6471658501290706,0.5596909447112475,0.8092586037057691,0.8801328157675348,0.8587570557752512,0.8100731821961172,0.7680431982399395
[US] M7 ETF,0.8919071479851263,0.6377464849184215,0.8895382253356663,0.8463611127666402,0.9701901687296345,0.8753803897832322,0.8519955879558503,0.8636179750235278,0.8062609310588841,0.98187295512436,0.8543755082319807,0.7090236288757887,-0.21285955080705551,0.7908900536982888,-0.10443583320297666,0.8176639433241149,0.8602163684825292,0.9635866398232339,0.07605873961827632,0.8495402709982327,0.9865987958454379,0.9009044925610558,0.9822157141394451,0.9579813847119593,0.9701239338710578,0.9788139829444753,0.9831749759569336,0.9665986012618264,0.979020011805646,0.9794599234999949,0.9088296059354751,0.9097119026688015,0.9773370541156133,0.9720813169339793,0.9651084792966492,0.9091858130816864,0.8544177469038562,0.9736989939848236,0.8591601835268808,0.9895911354185954,0.816720393010657,0.8400750171992216,0.17662648892929278,0.8841167812227213,0.8599887223948707,0.870612086592515,-0.42406939042231545,0.8787368221125554,0.9912530290103543,0.6548454503611969,1.0,0.9603895491804891,0.881658993873662,0.37935069252580134,0.964354902719386,0.9666204160282116,0.9523173304096252,0.7280254057578689,0.8819203825019647,0.9018532305623749,0.9375601208679601,0.9381809752725555,0.966235873195616,0.9689972906780084,0.9252378437458731,0.9454468956974335,0.9721776603900861,0.9864700100505599,0.9491365819916089,0.8615040393930219,0.9029768233157796,0.866160409660541,0.8893014789541249
[US] 모멘텀 ETF,0.9624814565312622,0.6889026095450027,0.9579738346589199,0.721454236367149,0.9915640192440135,0.9497210001092319,0.9337893950256192,0.958104410104531,0.8426287573555503,0.9479824072151679,0.7589455344950143,0.5556259888434673,-0.3865933678327031,0.8018714694805951,0.016876974944868717,0.8501303777486315,0.9470273472771976,0.9831888760428689,-0.13012005380137798,0.9403239340199524,0.9730228289217532,0.8101186304371248,0.9751953227496553,0.9814813792828758,0.9801008753401798,0.9819329511516165,0.9740542226996702,0.9960441910983192,0.9933180523431843,0.9928592884138129,0.9770527495456829,0.9772739188045826,0.9941105606327533,0.9895657761368615,0.9927720022927793,0.9574305678714801,0.9422475037889213,0.9758898663449316,0.9500882419189988,0.965804432532286,0.9267665149618162,0.9304865354407835,0.2780305040675879,0.9628360454619342,0.9527991837245141,0.9203012178367488,-0.6356076662258437,0.9376778130027633,0.9348474812510255,0.6804992177214261,0.9603895491804891,1.0,0.9577834615824395,0.16466545178124714,0.9115647752298345,0.935356335702739,0.9651232721704197,0.8370619360132275,0.9609955863186551,0.9641252471252463,0.9271858797847695,0.9840091830382077,0.9944567418715294,0.9923487645390754,0.9817111018193219,0.9881826333141512,0.9817837226534479,0.9441124276385476,0.9552926164461628,0.8657328047941208,0.9165571157100642,0.9513260599611242,0.9688164700664395
[US] 반도체 ETF,0.9967118955372468,0.8337576967673287,0.9974437019829332,0.5201043518835726,0.9359094241490981,0.997378268296488,0.9934685336001639,0.9933283053036127,0.9386473710223855,0.8571529464616575,0.5634824422117153,0.42523835289530015,-0.5568041830714486,0.8919808175517263,0.2905849014984583,0.9398997264169681,0.9961222585548132,0.9606735527557646,-0.376373293504546,0.9962260228803542,0.9270439143868531,0.6483930801568272,0.9107066007112485,0.9622113515457216,0.9392745613390898,0.9277230232522171,0.9023630271164339,0.953773421207245,0.9556178303045275,0.9554564291588515,0.9932651048943849,0.9928422789629793,0.9572840777176592,0.9673274802460319,0.9731860759783272,0.9913598455808234,0.9984253615125565,0.9559905888278003,0.9970160278591366,0.8980541996368829,0.9901418125621895,0.9952645074855275,0.5241745144700213,0.996525801428751,0.9929377049862809,0.9813372330728104,-0.7739909931397881,0.9915059663933108,0.8506359344243619,0.8168883063675303,0.881658993873662,0.9577834615824395,1.0,-0.09232037335624065,0.7695322908017431,0.8089185329943691,0.8857277893278539,0.9459233747991678,0.9831770302325397,0.9156933629174782,0.7901587594732458,0.923503303228257,0.954645439635823,0.9547942683148086,0.9877465837408549,0.9842072497864868,0.9188082731729487,0.8354863267330009,0.9613465783340105,0.9290983832087767,0.958625216826314,0.996782996559332,0.9893182082327341
[US] 소프트웨어 ETF,-0.07549865763923189,-0.3287157069557488,-0.06918090037516096,0.7541275953419267,0.21133199816506312,-0.12588178377283046,-0.1565374161935587,-0.11726370856049353,-0.1734523599492443,0.3860354665982091,0.7023726458674218,0.6412925638048209,0.652631145014064,-0.09831057913383737,-0.8224565908242019,-0.15198600800311043,-0.1382494811381837,0.13788885995501457,0.9074261236857166,-0.16465226659604365,0.2475335759595204,0.638792651175062,0.26886170934886694,0.11156527826212406,0.18658480715780174,0.2301321301089402,0.29090925994623823,0.17673414943821436,0.19730399761563525,0.19770911645378836,-0.021595969323802422,-0.01909442212555883,0.1906471328417601,0.15901192881535842,0.13612695512641731,-0.016317971241855675,-0.14592227346370906,0.18085143208009924,-0.12683947742968588,0.3409728332443752,-0.20675535701719028,-0.17039879294136515,-0.6659240933203435,-0.08333230892975395,-0.12371539450217241,-0.0964919483438922,0.6243900790715902,-0.1001739095371377,0.42254499151013664,-0.2306645578914759,0.37935069252580134,0.16466545178124714,-0.09232037335624065,1.0,0.532890386005559,0.4479638925573944,0.2699867003668215,-0.3211854594726416,-0.06450642452387946,0.13071535232072454,0.43992161949247144,0.17900327836315824,0.16947117075264234,0.1737792984887629,0.01971563828536175,0.07519910914555317,0.25164962920506884,0.4432898483792072,0.10780252998663527,-0.026937665440356195,0.012018295700936115,-0.12042519989694704,-0.05988169832437519
[US] 테슬라,0.7867967469155405,0.4492847406559952,0.7776017388555582,0.9253266649049231,0.9345259902241938,0.7553470259093908,0.7290468279724978,0.7652174958591744,0.6440892963205309,0.9641617499948334,0.9374093941120744,0.7378582452445803,-0.061820447740867916,0.629023247234346,-0.3312669083348215,0.6591199291743957,0.747334630583627,0.8950951398659348,0.258306941707021,0.7329021225296136,0.9317623063264472,0.94721431378896,0.9463304282198064,0.888160648850074,0.91561126632874,0.9347958280266666,0.9525224582814285,0.9138045417011725,0.9178362804032384,0.91773357546949,0.8170590588812731,0.8184572805880997,0.916145243210088,0.8974672820964685,0.8911334798469372,0.7946138346207059,0.7347793432653703,0.8905824629458164,0.7488279973095968,0.9457047364946137,0.6997649496330093,0.7155636365940423,-0.05772091391435929,0.779209330109394,0.7542301149116676,0.7334025711639125,-0.30536463737318514,0.752584633240902,0.9542760414224827,0.4667635567285596,0.964354902719386,0.9115647752298345,0.7695322908017431,0.532890386005559,1.0,0.9825021991523623,0.9386309005209347,0.5787372123641104,0.7927934146866917,0.8720432647063473,0.9689730515757027,0.9092526510550873,0.9105701741417074,0.9097167023774774,0.8398970038499484,0.8625524989733219,0.9377540763245041,0.9825528645376533,0.8504439474100044,0.7203802819061368,0.7789275533191293,0.7530239818075705,0.7989360478069703
[US] 월마트,0.8297120392480711,0.4928123035891875,0.8135306196587134,0.9007466908310777,0.958579707045289,0.7997266443336144,0.7778131302457006,0.8109944343322656,0.6890860502739803,0.9686430530917831,0.9102678858612038,0.691294008708855,-0.14876270796536165,0.6527308207192272,-0.273087081483241,0.7017782844945173,0.7947459072509166,0.9227419874270288,0.16253082972998698,0.7836110990271533,0.9511985562046693,0.9127618581294652,0.9700551562473747,0.9269916640444773,0.9453056487274346,0.9610422689045959,0.9748303893091268,0.9416654623740968,0.9392757792015582,0.939301917896134,0.8563791290724144,0.8577688197838602,0.9384573243512936,0.919019626755069,0.9146275970629971,0.8200622678687094,0.7770254635954158,0.9104662566660723,0.7895297225864024,0.9491903455839873,0.7498285102179203,0.7573938000621612,-0.01833640128963247,0.8230070515603144,0.7992043511972671,0.7733442869860878,-0.3961327331985613,0.7963882567248661,0.9517138920863457,0.485809751707845,0.9666204160282116,0.935356335702739,0.8089185329943691,0.4479638925573944,0.9825021991523623,1.0,0.9696987620519422,0.6318160891531849,0.8397787940115772,0.902956150910512,0.9813037230795014,0.9445376084926453,0.9426867443370327,0.939824090093684,0.8764626444344128,0.8911801251454764,0.9608525051991745,0.9866241577800491,0.8757283398479812,0.7501695456890811,0.8077565490795976,0.7978026158585411,0.845353807095166
[US] 코카콜라,0.8970008775459437,0.5796195761557715,0.8859049226908479,0.7959574309504857,0.9748817241887877,0.8787788302923432,0.8598039472428195,0.8885690236031366,0.7639621121296589,0.9401590793296647,0.8104030062075969,0.5610262923467894,-0.3258187668152124,0.7153741983804829,-0.12659651490757773,0.7719437727065269,0.8738542550271862,0.9472216935433081,-0.014773072147731084,0.8673866158915285,0.955494627679209,0.846640366559651,0.9685650704846835,0.9575519402210333,0.9585349127036843,0.9685372827741464,0.9691233452088269,0.9725793839832235,0.9642062308930643,0.963871990656588,0.9256658265008318,0.9270043464880884,0.9645437827453179,0.9495868898023292,0.9499305165510356,0.8802575008668158,0.8630112255421414,0.9304908311490352,0.8759252103568888,0.940944956201062,0.8491667285351092,0.8490982165258479,0.1018105482871744,0.8943505261796538,0.8762004105194255,0.8440628754555294,-0.561910438048795,0.8769130351855774,0.9356151531317158,0.5714878521272082,0.9523173304096252,0.9651232721704197,0.8857277893278539,0.2699867003668215,0.9386309005209347,0.9696987620519422,1.0,0.7631927177419182,0.9260599779564025,0.959076277442446,0.9504747859200767,0.9694873745861454,0.96762162729037,0.9617030300804484,0.9378846405302307,0.9390208278789768,0.9803872408822314,0.9580128720392074,0.9104254120075049,0.808507694505137,0.8620805423114032,0.879235388425349,0.9131148577210799
[US] 일라이릴리,0.9344667832132937,0.8462788564079542,0.932956436444886,0.27911905605125226,0.8000132673994024,0.9511686053945585,0.9549454212185335,0.9386623982369435,0.9223931490999624,0.6858985262515633,0.32615098939348436,0.21647325941296172,-0.702131592198133,0.861135624821013,0.477156384408865,0.9160520103330341,0.9489644270400304,0.8460759599897584,-0.57901529277869,0.9572846026193418,0.7953835439790593,0.43583142583651857,0.7704258634120379,0.8634223805084754,0.8139385693314616,0.7972499799238589,0.7553719798491143,0.8390920994308124,0.8376587703317653,0.8370120005007657,0.9234718240738573,0.9226799221692322,0.8398682574503414,0.8572866364475938,0.8666227687633841,0.9198807453726037,0.9565776562500284,0.8389809349117668,0.9501043886923981,0.7401380771223943,0.9628428661517296,0.9617007744031583,0.6335653979198929,0.932175825444482,0.9343122663393295,0.9414865748540298,-0.8485642187552991,0.9523121286127707,0.6976587708329858,0.8328527763660342,0.7280254057578689,0.8370619360132275,0.9459233747991678,-0.3211854594726416,0.5787372123641104,0.6318160891531849,0.7631927177419182,1.0,0.9428145709201536,0.8421867688513207,0.6102308037738935,0.8025960746184015,0.8323989890924413,0.8306737376383668,0.9135082414634489,0.8853113313940361,0.7766152786626711,0.6577253858938125,0.8606547735027801,0.8916088491484611,0.9001641026678684,0.9479114469398491,0.927113995652328
[US] 존슨 앤드 존슨,0.9818438895662299,0.7654914907531923,0.9762057662854468,0.5477693661929633,0.9438355210286767,0.9824085286354112,0.9748361300283606,0.9833519142888957,0.898800290802366,0.8579786819751454,0.5875184866841322,0.4017985625858659,-0.5585284843105902,0.8441477695372854,0.21143352025435821,0.8984319897722417,0.9801602904440405,0.953014045953679,-0.34672157075566945,0.9800753378072636,0.924722953427556,0.6649373737857107,0.9174169600025246,0.9649552288673746,0.9385869963666527,0.9341670762446094,0.9093360852789034,0.9640075138184793,0.9559038017340032,0.9553492004215706,0.9911022271874624,0.9912437208114929,0.9578524962960806,0.9595705077298603,0.9661910883355559,0.9628763068520079,0.9790595914356919,0.9385999764022621,0.9834471742433066,0.888435281349563,0.978049219874748,0.9766361336260858,0.4179436702043118,0.9822254833234705,0.9764445442291245,0.9538694247140994,-0.7830177541284838,0.9775720226173525,0.8523368198630901,0.7583536888890415,0.8819203825019647,0.9609955863186551,0.9831770302325397,-0.06450642452387946,0.7927934146866917,0.8397787940115772,0.9260599779564025,0.9428145709201536,1.0,0.9587829822839676,0.8242957505734532,0.9457463822371664,0.9587284422651495,0.9547269030776777,0.9907789625866377,0.9735968404194498,0.9323528601910531,0.8493917300648761,0.9413111859271129,0.8990967270481288,0.935745495521506,0.9837558515906393,0.9873988789380707
[US] 애브비,0.9197825443207004,0.5859508079870814,0.9054673128681365,0.6681064591356026,0.9517403476750383,0.9101587959032056,0.8930441329246741,0.9304490199012032,0.7688578042397026,0.8851686675647925,0.7080417491196144,0.44429307909500637,-0.4316946010808827,0.7222954380276351,-0.033032789943027746,0.7708169714914431,0.910302191156112,0.9262932093797744,-0.16027341950486135,0.9035735964541188,0.9139712691846807,0.7599293372213614,0.924589603408328,0.9386055788006421,0.9247958646893779,0.9369952227431424,0.9223587507325105,0.9657477243744441,0.9489307416667437,0.9474242872598221,0.9465261343896016,0.9471383109599925,0.9503437010410382,0.9376318062714818,0.9446123152919804,0.8955453506366824,0.9017214645276892,0.9098587358129243,0.9167894514110171,0.9006010319587334,0.9002722191017256,0.8927385469969943,0.18526294166584956,0.918498070119471,0.9097084869924301,0.8637503460222795,-0.6632241673288263,0.8934566953278025,0.8775285955640428,0.6022427800864893,0.9018532305623749,0.9641252471252463,0.9156933629174782,0.13071535232072454,0.8720432647063473,0.902956150910512,0.959076277442446,0.8421867688513207,0.9587829822839676,1.0,0.9077769574781317,0.9684361160115974,0.9526871300694022,0.9444837704989019,0.9555508782205726,0.9382156482015276,0.9417041312123574,0.8939692980067598,0.883186057183524,0.7991253597989849,0.8557503789599056,0.9153873422234103,0.9463131495913835
[US] 제이피모건,0.8092723610923855,0.4328741439042593,0.7917098127019094,0.8829767943069812,0.9467926682735452,0.776742550398149,0.7509472207917597,0.8022629467637157,0.6275157896203142,0.964210167269832,0.9247340258122624,0.6908897492911559,-0.09169727465014256,0.5860547302834009,-0.3250146063566373,0.6425308148196236,0.7761455512593672,0.9012326562190615,0.1826895811835949,0.763224810657697,0.9243929613195502,0.9043476503332206,0.954627445417019,0.9002630814300168,0.9306773598333792,0.9415628357060002,0.9621378164528199,0.9321122351118744,0.9192452227902556,0.9181475776385006,0.843544984713171,0.8444554752061789,0.9192647558704701,0.8948208156617584,0.8935029563709203,0.7910151407288725,0.7591373294934687,0.8821143237232771,0.775431432577772,0.9190031101293235,0.7397265535807346,0.7393163943264892,-0.07069856939590365,0.8074134392477569,0.7904677714976319,0.7288496870554909,-0.4017140184856533,0.7620753920931618,0.9224493577581612,0.4297235320159527,0.9375601208679601,0.9271858797847695,0.7901587594732458,0.43992161949247144,0.9689730515757027,0.9813037230795014,0.9504747859200767,0.6102308037738935,0.8242957505734532,0.9077769574781317,1.0,0.9565429393686127,0.9309274302729587,0.928160348408169,0.8579014798697916,0.8716612351643,0.9394537148295745,0.9596209556162634,0.830588506766392,0.683621402925508,0.7534768322118159,0.7850706542681145,0.8343935463212406
[US] 뱅크 오브 아메리카,0.9316072272409609,0.6186534705987149,0.9196739763327715,0.7343138639660328,0.9837424932181102,0.914994807911824,0.8959108983162518,0.9321148275877337,0.7822745089800929,0.9496156903711676,0.789642523046448,0.5774875380252098,-0.3167593072292341,0.7258071578766075,-0.06172303078267041,0.7912282664240686,0.9144658828225501,0.9622668986459196,-0.09194681715858462,0.9080988512064527,0.957102167236959,0.8053765239650101,0.9736635503523076,0.967096785041741,0.9736917566557932,0.9736113815586471,0.9744792706957279,0.9864209401554066,0.9724270323277623,0.9712030923855116,0.955780383432617,0.9560449429890766,0.9738986501957887,0.9610436713823206,0.9651463706424966,0.9096275398630317,0.9060650501154157,0.9443293472362857,0.9163193670799281,0.9330861658183295,0.898138511840399,0.8932267971471599,0.18126411336865697,0.9336619493771482,0.9246183673788899,0.869451929223788,-0.6275839961941634,0.8988215914132859,0.9109314110732495,0.6092270476104096,0.9381809752725555,0.9840091830382077,0.923503303228257,0.17900327836315824,0.9092526510550873,0.9445376084926453,0.9694873745861454,0.8025960746184015,0.9457463822371664,0.9684361160115974,0.9565429393686127,1.0,0.9848864016795464,0.9819131436555039,0.9587456725145891,0.959087964824331,0.9689334598109189,0.9320920646031744,0.9125961443076196,0.8052099355730694,0.8641841442490973,0.9224289427128167,0.9490071119135394
[US] 모건스탠리,0.9622412583939506,0.7016830529027213,0.9562921179485017,0.7358627149308283,0.9948904887967281,0.9504865558722575,0.9333329438978534,0.9517992187648152,0.8569402305386778,0.9596663404996675,0.7703105361040083,0.5894940903409828,-0.3655673398928409,0.8155306042033692,0.020727237920020188,0.8641108514848519,0.9445225360078431,0.9895042970441451,-0.12196488170782739,0.9376788033187292,0.9842756616914746,0.8142204509699346,0.9853999522989998,0.9900304530083827,0.9897940454382231,0.9888953103522414,0.9837811753037881,0.9969341383605743,0.9947864098403072,0.9945960739238014,0.975984910332048,0.9763562225263984,0.9954929329028432,0.9907495336199377,0.9916821352487057,0.9538584833423482,0.9379374496196003,0.9812110355666914,0.9439575980236711,0.9666280385079924,0.9203310224610313,0.9263941152840688,0.281380707322839,0.9623113300829561,0.9494832349977904,0.9239386631841568,-0.6263210337078888,0.9427596744198664,0.9426228782051641,0.6917130014459689,0.966235873195616,0.9944567418715294,0.954645439635823,0.16947117075264234,0.9105701741417074,0.9426867443370327,0.96762162729037,0.8323989890924413,0.9587284422651495,0.9526871300694022,0.9309274302729587,0.9848864016795464,1.0,0.9991441027682751,0.9811123169784528,0.9877900588881559,0.9858616109617218,0.9517864789201287,0.9657259870191047,0.8808324005398348,0.9277531114744334,0.9501481226358184,0.9667052663982532
[US] 골드만삭스,0.9615136932798857,0.7117057902028421,0.9572034674924922,0.7375773216899184,0.9935143529576944,0.9502103685692626,0.9325662764122598,0.9484821118747888,0.8622060356693292,0.9644223820583956,0.7736167893315481,0.6098934874774814,-0.3488653252030535,0.8225371515701102,0.02778623456353904,0.8700675866368628,0.9427891196360174,0.9908138894444068,-0.11538346041029263,0.936155446253513,0.9875553813728789,0.8160223366753157,0.9869714631636181,0.9898014772284787,0.9917884217536203,0.9891582859717316,0.9854335177744411,0.9957370137303877,0.9953325051563896,0.9951760305465787,0.9748177244038361,0.9751391036026894,0.9958719368818959,0.9921284632026051,0.9922645388661167,0.9567047228766151,0.937898389284814,0.9851852902032127,0.9424089528916881,0.968688474053372,0.9182312996405398,0.9268381046467499,0.29333074174778623,0.9613759190123682,0.9478575414646158,0.9261126037997524,-0.6149157185482047,0.9438769246625476,0.946111861428662,0.7043358520318161,0.9689972906780084,0.9923487645390754,0.9547942683148086,0.1737792984887629,0.9097167023774774,0.939824090093684,0.9617030300804484,0.8306737376383668,0.9547269030776777,0.9444837704989019,0.928160348408169,0.9819131436555039,0.9991441027682751,1.0,0.9795924184328071,0.988055655894505,0.9841027555098337,0.951670151495769,0.9696314682821381,0.8873426067994652,0.9322932934040177,0.9494890210559738,0.9634743626114225
[US] 이즈코프,0.9888228091307861,0.7680261481727557,0.985011209153154,0.6167702797505694,0.9698750376675052,0.9861531582780915,0.975962173289133,0.9837988362504586,0.9078602333386065,0.9017634113540755,0.6492342084517664,0.48251185458198226,-0.4981625271781018,0.8658277171079101,0.16799428126630797,0.9089434020534022,0.9817736277906286,0.9770566410647011,-0.2748352563477271,0.9782683891199316,0.9576268018757897,0.7241921224044567,0.9482441437484777,0.9834286842643574,0.9648095464552334,0.9623306048794931,0.9415160143029985,0.9833115428505348,0.9811858910956689,0.9809750769618025,0.9965842608417909,0.9967439932273746,0.9824983521666238,0.9847567038114899,0.9885401156278247,0.9799508938890885,0.979665959220394,0.9704083743715416,0.9831356654213563,0.9328372322456044,0.9688497100729152,0.9752258317200045,0.4076311656637822,0.9875644557846908,0.9786370624086222,0.9634289024340995,-0.725207034782484,0.9809442173797777,0.8988582601161348,0.7711509421535265,0.9252378437458731,0.9817111018193219,0.9877465837408549,0.01971563828536175,0.8398970038499484,0.8764626444344128,0.9378846405302307,0.9135082414634489,0.9907789625866377,0.9555508782205726,0.8579014798697916,0.9587456725145891,0.9811123169784528,0.9795924184328071,1.0,0.991889824497325,0.9592455614478733,0.8946767097216695,0.9688037833523561,0.917168491440237,0.9549557930865674,0.9853567346656585,0.990919091881368
[US] 이머징 마켓,0.9873705281916862,0.7777143537691363,0.9876151119533787,0.6576009163242602,0.9782402861571292,0.9794251585806925,0.9695347157241089,0.9773825449062997,0.9078247936954114,0.9271925669923566,0.6906988902670608,0.5290085933735585,-0.44911593269324657,0.8720786133627058,0.14339296574293645,0.9135859699532883,0.9757897207656405,0.9899187494603897,-0.21748422156821948,0.9713269256022918,0.9727803477368243,0.7646267300544138,0.9619296019965315,0.9852486172289617,0.9767996341334934,0.9718975408411599,0.9577710288534113,0.9868161363584584,0.9900282731153588,0.989984395792964,0.9921020329486506,0.9922535311153708,0.9908354326173635,0.9943110065042606,0.9965624714761299,0.9866394312631841,0.9734897547832196,0.9850073734206294,0.9766545816988965,0.9555195312674387,0.9563619045918905,0.9658255015176986,0.4026437157290063,0.98521964918396,0.9755005174003667,0.9609448428837506,-0.6785695762004093,0.9743325680528026,0.9218772175210712,0.7658174280868895,0.9454468956974335,0.9881826333141512,0.9842072497864868,0.07519910914555317,0.8625524989733219,0.8911801251454764,0.9390208278789768,0.8853113313940361,0.9735968404194498,0.9382156482015276,0.8716612351643,0.959087964824331,0.9877900588881559,0.988055655894505,0.991889824497325,1.0,0.9696729981650027,0.9156747911960468,0.981612706142774,0.9176306082751251,0.9565706931240551,0.9778703714437047,0.9823741848662374
[US] 선진국 마켓,0.9297011788764935,0.6575112402325949,0.924657940911991,0.796558549607466,0.9924638001526291,0.9105210242249128,0.89605762306726,0.9150361844756559,0.8195025372464618,0.959621518326176,0.8035916677495893,0.6017451701485861,-0.3300384391072222,0.7890229579686969,-0.052095172905227805,0.8279880104400696,0.9065279188819679,0.9770637849773391,-0.029877057112673105,0.8984029820199989,0.9812776536538793,0.8590757955032113,0.982305729880566,0.9746768341730335,0.9785547412686099,0.9853943698340681,0.9816339993489407,0.9862614998716804,0.9845449093847017,0.9849113732081394,0.9496904334587235,0.950900467947611,0.9848578553545669,0.976498931634933,0.9755035399016553,0.9249636240118034,0.8981134701439156,0.9653252503817872,0.9071720338702456,0.9688645126848829,0.8761010117057489,0.8865254079867079,0.20884670207031616,0.9264650158320542,0.9095383231856162,0.8838731031369468,-0.571920087338059,0.9100735303850734,0.9551755357647116,0.6471658501290706,0.9721776603900861,0.9817837226534479,0.9188082731729487,0.25164962920506884,0.9377540763245041,0.9608525051991745,0.9803872408822314,0.7766152786626711,0.9323528601910531,0.9417041312123574,0.9394537148295745,0.9689334598109189,0.9858616109617218,0.9841027555098337,0.9592455614478733,0.9696729981650027,1.0,0.9724314217868368,0.9552050691264262,0.8512362343534347,0.9027779106119792,0.9105745974646154,0.932763864334065
[US] 금,0.8522415045652053,0.5548691854986583,0.8456768929093498,0.8974636478321117,0.9661332919251127,0.8276348256688548,0.8047119727063428,0.8263939984938398,0.7402599339791033,0.9787206223791738,0.8989562408594509,0.7124599482559411,-0.16421795619844462,0.7248735745361742,-0.21011747927073787,0.7525163502408935,0.816599994687337,0.9431423253004946,0.15093869105065857,0.80377852571752,0.969661148673313,0.9274747952897437,0.974323626515162,0.9366434657360457,0.9537228060829169,0.9685165220583284,0.9774963053664791,0.949541420932301,0.956442690325538,0.9570464139787559,0.8744586578094421,0.8759129911368841,0.9550825115859933,0.9424152960038725,0.9358179248625484,0.8585252403801333,0.8047355034976003,0.9391410654388214,0.8157358148220322,0.9754430272570621,0.7686691119114523,0.7879007873257557,0.07155577603785915,0.845278899671869,0.820214582236007,0.811300222019641,-0.39076195117046275,0.8286460161971562,0.9758479414096651,0.5596909447112475,0.9864700100505599,0.9441124276385476,0.8354863267330009,0.4432898483792072,0.9825528645376533,0.9866241577800491,0.9580128720392074,0.6577253858938125,0.8493917300648761,0.8939692980067598,0.9596209556162634,0.9320920646031744,0.9517864789201287,0.951670151495769,0.8946767097216695,0.9156747911960468,0.9724314217868368,1.0,0.9172786157051752,0.8053522396655488,0.8564855259660312,0.8218088182642604,0.8574159125686521
[US] 은,0.9671554986963022,0.8230078707195201,0.9699717788553954,0.6721369991507445,0.9539850734708542,0.9603129357679255,0.9529694724974112,0.9389718743555002,0.9411181842127173,0.9216037574106195,0.6810646114606677,0.5831445145462743,-0.41815889477776025,0.9177458410931597,0.18465832933487017,0.9473157501577251,0.9497536720901713,0.9838241484459288,-0.18813036311643688,0.9465641966567925,0.9775846936340241,0.7648244333810209,0.9541983903009765,0.978391105177783,0.9677887982911121,0.9633749346776779,0.9476455955794408,0.9599444864067805,0.9753194202922475,0.9765435237844594,0.9638654287567857,0.9644418575362017,0.9750165212420393,0.9838573188762382,0.9804727751861724,0.9786551737987473,0.9486752562590243,0.984373012540525,0.9460348202888648,0.9536929320596629,0.9186227848883609,0.9430396267043841,0.4466899356684794,0.9598592685348593,0.9425683180471474,0.9643538687879168,-0.6135778760156059,0.9700923652768093,0.9306623640499395,0.8092586037057691,0.9491365819916089,0.9552926164461628,0.9613465783340105,0.10780252998663527,0.8504439474100044,0.8757283398479812,0.9104254120075049,0.8606547735027801,0.9413111859271129,0.883186057183524,0.830588506766392,0.9125961443076196,0.9657259870191047,0.9696314682821381,0.9688037833523561,0.981612706142774,0.9552050691264262,0.9172786157051752,1.0,0.957463004456001,0.9816811762624962,0.9505171137894941,0.9477980336443054
[US] 미국 오일 펀드,0.9280514367270474,0.8731910583917117,0.9329260061865048,0.5180544261677733,0.8549589905642525,0.9360239394479116,0.9335230906987462,0.8945188654541311,0.9727767696443045,0.8143671802582876,0.5178345498411514,0.50026325859857,-0.4953877869735825,0.9518138728467224,0.3504772117353161,0.9698874831907582,0.918666174617055,0.9081668963190523,-0.3362158784427374,0.9202827557646159,0.9020028709323148,0.6174075546166906,0.8587623695733215,0.9141462229200035,0.8826189139637379,0.8707662271098237,0.8461115491308263,0.8724194868016617,0.8992614420056033,0.9009162734224863,0.9103484240873481,0.9105337671219577,0.898540506797895,0.9179435129435414,0.9135471064496448,0.9447588937286963,0.9238959009149347,0.9260476311287352,0.9126605000859611,0.8717469707392906,0.8918778765431539,0.9229984897274544,0.5832438261058522,0.9142139588744665,0.8941915730887121,0.9620426400699073,-0.6209402282939968,0.9550784885143434,0.8429832451028688,0.8801328157675348,0.8615040393930219,0.8657328047941208,0.9290983832087767,-0.026937665440356195,0.7203802819061368,0.7501695456890811,0.808507694505137,0.8916088491484611,0.8990967270481288,0.7991253597989849,0.683621402925508,0.8052099355730694,0.8808324005398348,0.8873426067994652,0.917168491440237,0.9176306082751251,0.8512362343534347,0.8053522396655488,0.957463004456001,1.0,0.9926799918082766,0.9160585210442399,0.9027116443099172
[US] 원자재 펀드,0.9608306370262379,0.8539977073334556,0.9628571558537454,0.5752741567641183,0.9080523390327228,0.9627339377483736,0.9587973731711121,0.9335092146196927,0.9676555841752955,0.8655136745204314,0.5858278265401916,0.5226572990764788,-0.4848653681152981,0.9450006770984721,0.2856803903879507,0.9668839438007258,0.9500804647793187,0.9494724100974193,-0.2981576082997681,0.9490332107138898,0.9407029964283634,0.6797996821360146,0.905892986652883,0.9516096699822263,0.9262895939273817,0.9180110984781359,0.8953877214083165,0.9213292129444979,0.9416840670333535,0.9429510000105189,0.9488080504431746,0.949072028232882,0.9414030066526985,0.9559523249274334,0.9530767812835861,0.9707478076257048,0.9511857777797603,0.9587892237723923,0.9450675703814113,0.9134309794623182,0.9224574576185782,0.9486881756150558,0.5323110494530813,0.9486637876409693,0.9307741600011911,0.9756947964696923,-0.6441604861046663,0.9751218450415695,0.882814920344432,0.8587570557752512,0.9029768233157796,0.9165571157100642,0.958625216826314,0.012018295700936115,0.7789275533191293,0.8077565490795976,0.8620805423114032,0.9001641026678684,0.935745495521506,0.8557503789599056,0.7534768322118159,0.8641841442490973,0.9277531114744334,0.9322932934040177,0.9549557930865674,0.9565706931240551,0.9027779106119792,0.8564855259660312,0.9816811762624962,0.9926799918082766,1.0,0.9477977105590254,0.9420187299697336
[IDX] 닛케이225,0.9970363487161754,0.8284278605778084,0.994140997215924,0.4994109845870054,0.9297385974418814,0.9974067673937969,0.9949561636059592,0.9970286177933677,0.935449103555636,0.8475285068168823,0.5444917029426556,0.3934634644672778,-0.5791567074820213,0.8832651189712736,0.299741564178171,0.9356747000339217,0.9984468447053394,0.9559800094810609,-0.40391313773567045,0.9978272694877346,0.9179970752676742,0.6318699700660018,0.9040160619070771,0.9587031967291427,0.935459840017647,0.9220036696046131,0.8958160649094516,0.9491143524738692,0.9466787539513526,0.9463122958374488,0.9917076990843312,0.9912205298456116,0.9487285466647054,0.9578479574744412,0.9644784086225611,0.9831043064103834,0.9965742057326687,0.9430854207134391,0.9972221342909602,0.8821459107265781,0.9922807731772594,0.9950284192240685,0.5231178566081309,0.9970331161095757,0.9957472611869224,0.975179578128921,-0.7959690414709778,0.9891533006215031,0.8353738431165234,0.8100731821961172,0.866160409660541,0.9513260599611242,0.996782996559332,-0.12042519989694704,0.7530239818075705,0.7978026158585411,0.879235388425349,0.9479114469398491,0.9837558515906393,0.9153873422234103,0.7850706542681145,0.9224289427128167,0.9501481226358184,0.9494890210559738,0.9853567346656585,0.9778703714437047,0.9105745974646154,0.8218088182642604,0.9505171137894941,0.9160585210442399,0.9477977105590254,1.0,0.9928277686793565
[KR] 코스피200롱150숏선물,0.9921704989752511,0.7689002256753102,0.9866932194991734,0.5544322432319793,0.9501457609643569,0.989859418293017,0.9839966040939983,0.9949353535230299,0.908651607732775,0.8727651284496841,0.5970091281599896,0.42806218559085474,-0.5412432154336506,0.8613731920579819,0.21321377576271747,0.9071956393911824,0.9908245388295526,0.9612445105388725,-0.35448651260710096,0.9863405044520874,0.930536720190301,0.6694980055310712,0.9209291951576041,0.9648102917316342,0.944633962379315,0.9359130235611887,0.9146875439366298,0.9674602842074714,0.9616311645130002,0.9608054106970718,0.9934072635237535,0.9932369950851796,0.9634903154494812,0.9670775180243179,0.9734401475401491,0.9742630009531029,0.9851389492345661,0.9501227067355288,0.9911101421766719,0.9104052173298195,0.9800435029144672,0.9817591834815673,0.42180264885845253,0.9903250817467041,0.986315768672307,0.9607604226187604,-0.777382547086848,0.9766978291592796,0.8571813180993729,0.7680431982399395,0.8893014789541249,0.9688164700664395,0.9893182082327341,-0.05988169832437519,0.7989360478069703,0.845353807095166,0.9131148577210799,0.927113995652328,0.9873988789380707,0.9463131495913835,0.8343935463212406,0.9490071119135394,0.9667052663982532,0.9634743626114225,0.990919091881368,0.9823741848662374,0.932763864334065,0.8574159125686521,0.9477980336443054,0.9027116443099172,0.9420187299697336,0.9928277686793565,1.0
